Date,Open,High,Low,Close,Adj Close,Volume
2012-01-03,108.73999786376953,110.98999786376953,108.7300033569336,110.37000274658203,71.15267181396484,11518700
2012-01-04,109.83000183105469,110.37000274658203,109.19999694824219,110.18000030517578,71.03016662597656,8019100
2012-01-05,109.38999938964844,109.54000091552734,107.97000122070312,109.0999984741211,70.33394622802734,7184900
2012-01-06,109.41000366210938,109.61000061035156,108.08999633789062,108.30999755859375,69.82463836669922,8214900
2012-01-09,108.23999786376953,109.66999816894531,108.02999877929688,109.48999786376953,70.5853500366211,7118800
2012-01-10,110.12000274658203,110.66000366210938,108.9000015258789,109.05999755859375,70.30816650390625,7641800
2012-01-11,108.51000213623047,108.6500015258789,107.12999725341797,107.7699966430664,69.47653198242188,7802500
2012-01-12,104.5199966430664,106.04000091552734,104.5199966430664,104.97000122070312,67.67144012451172,11897200
2012-01-13,104.62000274658203,106.1500015258789,103.51000213623047,106.08999633789062,68.3934326171875,8266900
2012-01-17,107.2699966430664,107.9800033569336,106.02999877929688,106.72000122070312,68.79960632324219,6925300
2012-01-18,106.0,106.94000244140625,105.19999694824219,106.83000183105469,68.87052154541016,6581400
2012-01-19,107.20999908447266,107.5,105.81999969482422,106.93000030517578,68.93501281738281,5666100
2012-01-20,106.94999694824219,107.19999694824219,106.25,106.88999938964844,68.90918731689453,7284600
2012-01-23,106.98999786376953,107.5,106.55999755859375,107.01000213623047,68.98658752441406,6506700
2012-01-24,106.44999694824219,107.08999633789062,106.18000030517578,106.72000122070312,68.79960632324219,5041400
2012-01-25,106.37000274658203,108.0,105.08999633789062,107.7300033569336,69.45071411132812,8020700
2012-01-26,108.02999877929688,108.56999969482422,106.3499984741211,106.58999633789062,68.71580505371094,7000400
2012-01-27,104.38999938964844,104.66999816894531,103.12000274658203,103.95999908447266,67.02033233642578,10581500
2012-01-30,103.4000015258789,103.5,102.08000183105469,103.41000366210938,66.6657485961914,7615700
2012-01-31,104.61000061035156,104.77999877929688,102.4000015258789,103.12000274658203,66.47881317138672,8320100
2012-02-01,104.41999816894531,104.41999816894531,102.68000030517578,102.79000091552734,66.26602172851562,7824500
2012-02-02,103.02999877929688,103.95999908447266,102.87999725341797,103.69000244140625,66.84623718261719,5897200
2012-02-03,104.91000366210938,105.5999984741211,104.4800033569336,105.5,68.01311492919922,6818600
2012-02-06,104.62000274658203,106.76000213623047,104.37000274658203,106.66999816894531,68.76739501953125,6443600
2012-02-07,106.0199966430664,107.05999755859375,105.44000244140625,106.83000183105469,68.87052154541016,6034700
2012-02-08,107.2699966430664,107.5,106.08999633789062,106.76000213623047,68.82540130615234,5383700
2012-02-09,107.18000030517578,107.41000366210938,106.06999969482422,106.37000274658203,68.573974609375,4751400
2012-02-10,105.19000244140625,105.5199966430664,104.58000183105469,105.27999877929688,67.87128448486328,6136800
2012-02-13,106.16000366210938,106.52999877929688,105.44999694824219,106.37999725341797,68.58040618896484,4695500
2012-02-14,106.25,106.52999877929688,105.56999969482422,106.48999786376953,68.65133666992188,5974800
2012-02-15,106.23999786376953,106.23999786376953,104.58999633789062,105.0,68.20960235595703,6553800
2012-02-16,105.5199966430664,106.56999969482422,104.80000305175781,106.5199966430664,69.19699096679688,5733900
2012-02-17,107.0199966430664,107.23999786376953,106.04000091552734,106.66000366210938,69.28793334960938,5666500
2012-02-21,107.51000213623047,108.5,107.44000244140625,108.41000366210938,70.4247817993164,7149000
2012-02-22,108.16000366210938,108.55999755859375,107.19999694824219,107.5,69.83362579345703,7150000
2012-02-23,107.54000091552734,108.5,107.31999969482422,108.3499984741211,70.38581085205078,5504800
2012-02-24,108.80000305175781,109.4000015258789,108.5,109.08000183105469,70.86003112792969,5833300
2012-02-27,108.29000091552734,110.22000122070312,108.27999877929688,109.62999725341797,71.21731567382812,7723400
2012-02-28,109.68000030517578,110.4000015258789,109.18000030517578,109.61000061035156,71.20433044433594,9132500
2012-02-29,110.4000015258789,110.91999816894531,108.91999816894531,109.12000274658203,70.88601684570312,10572800
2012-03-01,109.16999816894531,110.13999938964844,109.0999984741211,109.76000213623047,71.30175018310547,5980100
2012-03-02,109.5,109.87000274658203,109.0,109.61000061035156,71.20433044433594,5377100
2012-03-05,109.13999938964844,109.44999694824219,108.13999938964844,109.31999969482422,71.01593017578125,5941500
2012-03-06,108.13999938964844,109.02999877929688,108.0,108.8499984741211,70.7105941772461,7480800
2012-03-07,109.0,109.94999694824219,108.19000244140625,109.45999908447266,71.10688018798828,6867900
2012-03-08,109.80000305175781,110.56999969482422,109.55999755859375,110.02999877929688,71.47715759277344,5505400
2012-03-09,109.88999938964844,110.41000366210938,109.37000274658203,109.56999969482422,71.17835235595703,5704200
2012-03-12,109.6500015258789,110.0,109.16000366210938,110.0,71.4576644897461,5324700
2012-03-13,110.22000122070312,111.30999755859375,109.43000030517578,111.19000244140625,72.230712890625,7331000
2012-03-14,111.05000305175781,112.27999877929688,110.54000091552734,110.69000244140625,71.9059066772461,8819400
2012-03-15,110.51000213623047,110.93000030517578,109.45999908447266,110.02999877929688,71.47715759277344,8899400
2012-03-16,110.43000030517578,110.83000183105469,110.0999984741211,110.27999877929688,71.63956451416016,11092500
2012-03-19,110.5199966430664,111.05999755859375,110.30000305175781,110.69999694824219,71.91238403320312,5695000
2012-03-20,109.93000030517578,109.93000030517578,108.93000030517578,109.08000183105469,70.86003112792969,6158300
2012-03-21,108.94999694824219,109.0199966430664,107.3499984741211,107.91000366210938,70.0999526977539,7549900
2012-03-22,106.8499984741211,106.98999786376953,105.02999877929688,105.3499984741211,68.43698120117188,8282100
2012-03-23,105.68000030517578,106.9000015258789,104.8499984741211,106.36000061035156,69.09307098388672,6600300
2012-03-26,107.2300033569336,107.97000122070312,106.83000183105469,107.83999633789062,70.05448913574219,5311100
2012-03-27,107.87999725341797,108.0,107.01000213623047,107.04000091552734,69.53482055664062,4327700
2012-03-28,106.56999969482422,106.95999908447266,105.19999694824219,105.88999938964844,68.78775787353516,6816400
2012-03-29,105.08000183105469,107.0199966430664,104.91999816894531,106.8499984741211,69.41138458251953,5793900
2012-03-30,107.04000091552734,107.25,106.41000366210938,107.20999908447266,69.64524841308594,6121000
2012-04-02,106.8499984741211,108.79000091552734,106.5999984741211,108.30000305175781,70.35331726074219,5188400
2012-04-03,107.93000030517578,108.2300033569336,106.2300033569336,107.13999938964844,69.59976196289062,4690300
2012-04-04,106.25,106.26000213623047,105.02999877929688,105.5999984741211,68.59933471679688,5430600
2012-04-05,105.16999816894531,105.9000015258789,104.33000183105469,104.75,68.04720306396484,5982700
2012-04-09,103.30000305175781,104.08000183105469,102.8499984741211,103.48999786376953,67.22866821289062,4983400
2012-04-10,103.25,103.37999725341797,101.4000015258789,101.44999694824219,65.90347290039062,8907500
2012-04-11,102.30999755859375,102.44999694824219,100.77999877929688,100.94999694824219,65.57862854003906,8570100
2012-04-12,100.88999938964844,102.86000061035156,100.51000213623047,102.58999633789062,66.64400482177734,6451900
2012-04-13,102.29000091552734,102.36000061035156,100.72000122070312,100.77999877929688,65.46821594238281,6847100
2012-04-16,101.62000274658203,102.23999786376953,101.16999816894531,101.51000213623047,65.94244384765625,6065100
2012-04-17,102.45999908447266,104.08999633789062,102.33999633789062,103.62000274658203,67.3130874633789,5500900
2012-04-18,103.41999816894531,103.97000122070312,102.8499984741211,103.38999938964844,67.16370391845703,4836200
2012-04-19,103.2699966430664,103.63999938964844,102.18000030517578,102.51000213623047,66.5920639038086,6768400
2012-04-20,103.11000061035156,103.83999633789062,102.41999816894531,102.5199966430664,66.59854888916016,5814700
2012-04-23,101.19000244140625,102.72000122070312,100.88999938964844,102.44000244140625,66.54657745361328,5590600
2012-04-24,102.7699966430664,103.16999816894531,102.13999938964844,103.02999877929688,66.92984771728516,4104400
2012-04-25,103.55999755859375,103.88999938964844,102.62000274658203,103.8499984741211,67.4625244140625,5308500
2012-04-26,104.0,106.69999694824219,103.98999786376953,106.22000122070312,69.00211334228516,8535300
2012-04-27,106.77999877929688,106.80000305175781,105.66999816894531,106.19999694824219,68.98912811279297,5433500
2012-04-30,106.16000366210938,106.61000061035156,105.80999755859375,106.55999755859375,69.22298431396484,4727100
2012-05-01,106.73999786376953,108.79000091552734,106.38999938964844,108.2699966430664,70.3338394165039,6179900
2012-05-02,107.51000213623047,107.6500015258789,106.58999633789062,107.02999877929688,69.52830505371094,4834400
2012-05-03,107.04000091552734,107.05999755859375,105.41000366210938,105.98999786376953,68.85272216796875,4882800
2012-05-04,105.2699966430664,105.48999786376953,103.25,103.72000122070312,67.37808227539062,6241300
2012-05-07,103.08000183105469,103.81999969482422,102.58999633789062,103.30999755859375,67.11174774169922,6126900
2012-05-08,102.75,103.20999908447266,101.55000305175781,102.83999633789062,66.80642700195312,8167200
2012-05-09,101.61000061035156,102.5,101.37000274658203,101.77999877929688,66.11782836914062,6115600
2012-05-10,102.83000183105469,104.23999786376953,102.6500015258789,103.36000061035156,67.14422607421875,21105400
2012-05-11,102.94999694824219,103.94999694824219,102.47000122070312,102.69000244140625,66.708984375,4944700
2012-05-14,101.73999786376953,102.30000305175781,101.2699966430664,101.94000244140625,66.22178649902344,7021400
2012-05-15,102.04000091552734,102.66000366210938,100.70999908447266,100.9000015258789,65.54618072509766,8421000
2012-05-16,100.7699966430664,101.77999877929688,100.01000213623047,100.0999984741211,65.61174011230469,6423800
2012-05-17,100.19999694824219,101.41000366210938,99.88999938964844,100.13999938964844,65.63796997070312,6527500
2012-05-18,100.4800033569336,100.75,98.23999786376953,98.45999908447266,64.5367660522461,11137700
2012-05-21,98.80999755859375,99.73999786376953,98.3499984741211,99.69000244140625,65.3429946899414,6169400
2012-05-22,99.93000030517578,100.68000030517578,98.7300033569336,99.31999969482422,65.10042572021484,6089700
2012-05-23,98.33000183105469,99.0,96.69999694824219,99.0,64.89071655273438,8013000
2012-05-24,99.26000213623047,100.12000274658203,98.55000305175781,100.05999755859375,65.58548736572266,6322300
2012-05-25,100.04000091552734,100.23999786376953,98.41999816894531,98.86000061035156,64.79895782470703,5561500
2012-05-29,99.80999755859375,100.8499984741211,99.5,100.23999786376953,65.7034912109375,5223200
2012-05-30,99.11000061035156,99.11000061035156,97.5,97.62999725341797,63.99272537231445,7284800
2012-05-31,98.05999755859375,99.16000366210938,96.68000030517578,98.30999755859375,64.43844604492188,9371100
2012-06-01,96.6500015258789,97.29000091552734,96.0199966430664,96.41000366210938,63.19305419921875,9243000
2012-06-04,96.4800033569336,97.13999938964844,95.7300033569336,96.58000183105469,63.304508209228516,6794500
2012-06-05,96.38999938964844,96.87000274658203,95.77999877929688,96.48999786376953,63.24550247192383,5891600
2012-06-06,97.88999938964844,99.80000305175781,97.58000183105469,99.80000305175781,65.41508483886719,7145800
2012-06-07,100.9800033569336,102.0,100.18000030517578,100.38999938964844,65.80178833007812,7971600
2012-06-08,99.88999938964844,101.0,99.69000244140625,100.83999633789062,66.09676361083984,5769900
2012-06-11,101.98999786376953,102.33000183105469,99.56999969482422,99.91000366210938,65.4871597290039,7037100
2012-06-12,100.19999694824219,100.9000015258789,99.55999755859375,100.73999786376953,66.03120422363281,5933400
2012-06-13,100.68000030517578,101.4000015258789,99.70999908447266,100.12999725341797,65.63137817382812,5189900
2012-06-14,100.16999816894531,102.16999816894531,99.9000015258789,101.91999816894531,66.80465698242188,6540000
2012-06-15,103.0,104.5,102.63999938964844,104.33000183105469,68.38432312011719,11091100
2012-06-18,103.13999938964844,103.97000122070312,103.0,103.45999908447266,67.81405639648438,6630300
2012-06-19,103.98999786376953,104.6500015258789,103.7699966430664,104.05999755859375,68.20734405517578,6115500
2012-06-20,104.04000091552734,104.55000305175781,102.58999633789062,103.62999725341797,67.92547607421875,7609200
2012-06-21,103.45999908447266,103.75,99.87000274658203,100.0199966430664,65.55926513671875,8492000
2012-06-22,100.6500015258789,101.12000274658203,99.58000183105469,100.44000244140625,65.8345947265625,11708600
2012-06-25,99.33999633789062,99.55999755859375,98.16999816894531,99.08000183105469,64.943115234375,7091000
2012-06-26,98.97000122070312,101.29000091552734,98.83000183105469,100.94999694824219,66.16883850097656,7616000
2012-06-27,101.45999908447266,102.9000015258789,101.25,102.56999969482422,67.23069763183594,5740300
2012-06-28,101.8499984741211,103.6500015258789,101.43000030517578,103.45999908447266,67.81405639648438,7010200
2012-06-29,105.31999969482422,105.51000213623047,104.3499984741211,105.5,69.15123748779297,10651500
2012-07-02,105.58999633789062,106.08999633789062,104.69000244140625,105.86000061035156,69.38719177246094,5695600
2012-07-03,106.29000091552734,107.41999816894531,106.22000122070312,107.37000274658203,70.3769302368164,4079900
2012-07-05,106.2699966430664,107.05000305175781,105.7300033569336,106.02999877929688,69.49861145019531,5045600
2012-07-06,104.98999786376953,105.3499984741211,104.38999938964844,105.06999969482422,68.86936950683594,4609000
2012-07-09,104.97000122070312,105.04000091552734,103.55000305175781,104.45999908447266,68.46952819824219,5233300
2012-07-10,104.87000274658203,105.38999938964844,103.29000091552734,103.87999725341797,68.08935546875,6424200
2012-07-11,104.30999755859375,105.62999725341797,104.0199966430664,104.8499984741211,68.72516632080078,5931000
2012-07-12,104.30999755859375,106.08000183105469,104.2699966430664,105.02999877929688,68.84313201904297,7871500
2012-07-13,105.33999633789062,106.19000244140625,104.87000274658203,106.01000213623047,69.48551940917969,6771800
2012-07-16,105.70999908447266,107.25,105.5,106.77999877929688,69.99020385742188,5185100
2012-07-17,106.98999786376953,107.5,105.58000183105469,107.43000030517578,70.41625213623047,6668200
2012-07-18,106.79000091552734,107.9800033569336,106.66000366210938,107.87999725341797,70.7112045288086,5519300
2012-07-19,107.91999816894531,108.9800033569336,107.12000274658203,108.83999633789062,71.3404541015625,6829400
2012-07-20,108.16000366210938,109.25,107.5,109.19000244140625,71.56986236572266,9368100
2012-07-23,107.25,108.27999877929688,106.02999877929688,107.94999694824219,70.75707244873047,5953200
2012-07-24,108.16000366210938,108.16000366210938,104.61000061035156,106.30000305175781,69.67556762695312,6654900
2012-07-25,106.5199966430664,106.7699966430664,105.27999877929688,106.05999755859375,69.51828002929688,5476400
2012-07-26,107.58999633789062,108.62999725341797,107.26000213623047,108.2699966430664,70.96685028076172,6808200
2012-07-27,109.37999725341797,109.5,107.12999725341797,109.26000213623047,71.61576843261719,8338800
2012-07-30,108.87000274658203,109.93000030517578,108.76000213623047,109.81999969482422,71.98279571533203,5789900
2012-07-31,109.55000305175781,110.81999969482422,109.52999877929688,109.58000183105469,71.82550811767578,10012500
2012-08-01,109.72000122070312,111.2300033569336,109.13999938964844,110.5,72.42852020263672,8363800
2012-08-02,109.45999908447266,109.93000030517578,108.47000122070312,109.25,71.60921478271484,6662200
2012-08-03,111.13999938964844,111.87999725341797,110.9000015258789,111.12000274658203,72.83490753173828,5967600
2012-08-06,110.75,112.0999984741211,110.69999694824219,111.30999755859375,72.95944213867188,5201900
2012-08-07,111.5999984741211,112.38999938964844,111.51000213623047,111.94999694824219,73.37892150878906,5453300
2012-08-08,111.5,112.63999938964844,111.36000061035156,112.13999938964844,73.50347900390625,5443400
2012-08-09,112.26000213623047,113.27999877929688,111.7300033569336,112.62999725341797,73.82466125488281,4846700
2012-08-10,111.95999908447266,113.63999938964844,111.27999877929688,113.55000305175781,74.42768859863281,5107600
2012-08-13,113.31999969482422,113.58999633789062,112.70999908447266,113.27999877929688,74.25070190429688,4336100
2012-08-14,113.69999694824219,113.87000274658203,112.95999908447266,113.31999969482422,74.27692413330078,6286100
2012-08-15,112.12999725341797,113.0,112.0,112.56999969482422,74.37601470947266,4539900
2012-08-16,112.72000122070312,113.58999633789062,112.0999984741211,113.31999969482422,74.8715591430664,5394600
2012-08-17,113.30999755859375,113.56999969482422,112.51000213623047,112.66000366210938,74.43548583984375,5642600
2012-08-20,112.69000244140625,112.88999938964844,112.13999938964844,112.5199966430664,74.34297943115234,3908100
2012-08-21,112.80999755859375,113.44999694824219,111.77999877929688,111.9800033569336,73.9862060546875,4647100
2012-08-22,111.9000015258789,112.3499984741211,111.27999877929688,112.1500015258789,74.09854888916016,4445400
2012-08-23,112.08000183105469,112.16999816894531,110.94999694824219,111.29000091552734,73.53030395507812,4191500
2012-08-24,110.7699966430664,112.19999694824219,110.76000213623047,112.01000213623047,74.00601959228516,3453300
2012-08-27,112.18000030517578,112.38999938964844,111.45999908447266,111.7300033569336,73.82102966308594,3388800
2012-08-28,111.83999633789062,112.80999755859375,111.7699966430664,112.3499984741211,74.2306900024414,3340900
2012-08-29,112.33000183105469,112.44000244140625,111.5999984741211,111.80000305175781,73.86727905273438,3296300
2012-08-30,111.48999786376953,111.69000244140625,110.91999816894531,110.93000030517578,73.2924575805664,3523200
2012-08-31,111.66999816894531,112.94999694824219,111.66999816894531,112.16000366210938,74.10514831542969,5557000
2012-09-04,112.02999877929688,112.2699966430664,110.87999725341797,111.22000122070312,73.48406219482422,4632400
2012-09-05,111.5999984741211,111.7300033569336,110.58999633789062,110.7699966430664,73.1867446899414,4441200
2012-09-06,111.56999969482422,113.44000244140625,111.56999969482422,113.02999877929688,74.6799545288086,5531500
2012-09-07,112.97000122070312,114.0,112.73999786376953,114.0,75.32085418701172,5057300
2012-09-10,114.19999694824219,114.54000091552734,113.5999984741211,113.95999908447266,75.29439544677734,5212400
2012-09-11,114.06999969482422,114.75,114.0,114.18000030517578,75.43978118896484,4758800
2012-09-12,114.2300033569336,114.73999786376953,114.02999877929688,114.4800033569336,75.63799285888672,4420700
2012-09-13,114.7300033569336,116.97000122070312,114.12000274658203,116.55999755859375,77.01226043701172,7737700
2012-09-14,116.93000030517578,118.22000122070312,116.4800033569336,117.25,77.4681396484375,8978300
2012-09-17,117.16999816894531,118.5,116.88999938964844,117.13999938964844,77.39546966552734,7409700
2012-09-18,116.98999786376953,117.6500015258789,116.58999633789062,116.97000122070312,77.28314208984375,5100100
2012-09-19,117.08999633789062,117.18000030517578,115.83000183105469,116.5999984741211,77.0386962890625,5978000
2012-09-20,116.13999938964844,118.16999816894531,115.5,117.8499984741211,77.86456298828125,7286200
2012-09-21,118.52999877929688,118.52999877929688,117.47000122070312,117.80000305175781,77.83153533935547,10280700
2012-09-24,117.55000305175781,118.48999786376953,117.45999908447266,117.77999877929688,77.8183364868164,6808800
2012-09-25,118.18000030517578,118.5,116.52999877929688,116.93000030517578,77.25672149658203,7565400
2012-09-26,116.81999969482422,117.0,116.1500015258789,116.30000305175781,76.8404769897461,5586700
2012-09-27,116.77999877929688,117.4000015258789,116.5199966430664,117.19999694824219,77.43509674072266,5482200
2012-09-28,116.87999725341797,116.88999938964844,116.1500015258789,116.55999755859375,77.01226043701172,5626800
2012-10-01,116.91999816894531,118.25,116.87000274658203,117.25,77.4681396484375,4914900
2012-10-02,117.6500015258789,118.08000183105469,116.91999816894531,117.95999908447266,77.937255859375,6012400
2012-10-03,117.6500015258789,117.73999786376953,116.05000305175781,116.13999938964844,76.73474884033203,7362500
2012-10-04,116.63999938964844,117.47000122070312,116.47000122070312,117.1500015258789,77.40206146240234,5425700
2012-10-05,117.41999816894531,118.25,117.12000274658203,117.5,77.63331604003906,4507900
2012-10-08,117.19000244140625,117.87000274658203,116.94999694824219,117.62000274658203,77.71259307861328,3434900
2012-10-09,117.5199966430664,118.37999725341797,117.3499984741211,117.36000061035156,77.54082489013672,5983500
2012-10-10,114.63999938964844,115.05000305175781,112.01000213623047,112.44999694824219,74.29673767089844,15959000
2012-10-11,113.37000274658203,114.22000122070312,113.05999755859375,113.05999755859375,74.69977569580078,7279900
2012-10-12,113.08000183105469,113.29000091552734,111.61000061035156,112.06999969482422,74.04566955566406,5915800
2012-10-15,112.16000366210938,113.04000091552734,111.0999984741211,112.81999969482422,74.54119873046875,5775100
2012-10-16,113.4800033569336,114.41000366210938,113.31999969482422,114.08999633789062,75.38032531738281,4793300
2012-10-17,114.36000061035156,115.36000061035156,114.36000061035156,115.18000030517578,76.10047912597656,5218200
2012-10-18,114.55000305175781,115.02999877929688,114.37000274658203,114.6500015258789,75.75029754638672,6166900
2012-10-19,114.9000015258789,114.98999786376953,113.11000061035156,113.37999725341797,74.91119384765625,7160000
2012-10-22,113.61000061035156,113.69999694824219,111.7300033569336,112.73999786376953,74.48834228515625,4811900
2012-10-23,111.58000183105469,111.58000183105469,109.0999984741211,109.37999725341797,72.2683334350586,8011000
2012-10-24,109.41999816894531,110.48999786376953,109.02999877929688,109.70999908447266,72.48637390136719,5087900
2012-10-25,110.62999725341797,110.97000122070312,109.6500015258789,110.95999908447266,73.3122787475586,4888600
2012-10-26,110.66999816894531,111.69000244140625,110.58000183105469,111.18000030517578,73.45763397216797,4777600
2012-10-31,111.93000030517578,111.94000244140625,109.25,110.23999786376953,72.83656311035156,5958500
2012-11-01,110.0199966430664,111.69000244140625,109.88999938964844,111.45999908447266,73.64263153076172,6480500
2012-11-02,110.69999694824219,111.20999908447266,107.56999969482422,108.37000274658203,71.6010513305664,8375300
2012-11-05,107.73999786376953,109.33999633789062,107.73999786376953,109.19000244140625,72.1428451538086,4058300
2012-11-06,109.6500015258789,110.69000244140625,109.25,110.36000061035156,72.91586303710938,5379400
2012-11-07,109.23999786376953,109.30000305175781,106.77999877929688,107.51000213623047,71.0328369140625,7627300
2012-11-08,107.2300033569336,107.66999816894531,105.87000274658203,105.87000274658203,69.9492416381836,6208900
2012-11-09,105.26000213623047,106.69000244140625,105.08000183105469,105.83999633789062,69.929443359375,5835100
2012-11-12,106.44999694824219,106.5199966430664,105.48999786376953,105.93000030517578,69.98893737792969,4001800
2012-11-13,105.37000274658203,106.44999694824219,105.19999694824219,105.27999877929688,69.5594482421875,4834200
2012-11-14,104.98999786376953,105.01000213623047,102.22000122070312,102.5,68.30661010742188,8609400
2012-11-15,101.98999786376953,103.47000122070312,100.66000366210938,101.62000274658203,67.72016906738281,9774300
2012-11-16,101.55999755859375,102.48999786376953,101.0,102.4000015258789,68.2399673461914,8242400
2012-11-19,103.66999816894531,104.3499984741211,103.13999938964844,104.3499984741211,69.5394515991211,6850900
2012-11-20,104.01000213623047,104.12000274658203,102.91999816894531,103.55999755859375,69.01300811767578,5283800
2012-11-21,103.94999694824219,104.12000274658203,103.41000366210938,104.0999984741211,69.37287902832031,3656400
2012-11-23,104.87000274658203,105.47000122070312,104.45999908447266,105.47000122070312,70.28582763671875,2776400
2012-11-26,104.75,104.98999786376953,104.25,104.98999786376953,69.9659652709961,4354100
2012-11-27,105.0,105.16000366210938,103.19999694824219,103.37999725341797,68.89303588867188,6612400
2012-11-28,102.9800033569336,105.62000274658203,102.76000213623047,105.58000183105469,70.35913848876953,7024200
2012-11-29,105.88999938964844,106.69000244140625,105.37999725341797,105.79000091552734,70.49908447265625,5756200
2012-11-30,106.0999984741211,106.37000274658203,105.2699966430664,105.69000244140625,70.43243408203125,6676400
2012-12-03,106.0,106.06999969482422,104.37999725341797,104.66000366210938,69.74604034423828,5736400
2012-12-04,104.4000015258789,105.08999633789062,103.94000244140625,103.95999908447266,69.27955627441406,6665100
2012-12-05,104.37999725341797,105.80999755859375,104.0,105.16999816894531,70.08592224121094,6430800
2012-12-06,105.48999786376953,106.5,105.29000091552734,106.44999694824219,70.93890380859375,7392300
2012-12-07,106.7300033569336,107.0,106.13999938964844,106.98999786376953,71.29878234863281,4947300
2012-12-10,107.0999984741211,107.69000244140625,106.47000122070312,106.95999908447266,71.27877044677734,5512100
2012-12-11,107.29000091552734,108.2300033569336,107.1500015258789,107.73999786376953,71.79857635498047,5922700
2012-12-12,108.16999816894531,109.18000030517578,107.93000030517578,108.08000183105469,72.02516174316406,5968200
2012-12-13,108.54000091552734,108.54000091552734,107.45999908447266,107.91000366210938,71.91185760498047,4909800
2012-12-14,107.61000061035156,108.38999938964844,107.4000015258789,107.81999969482422,71.8519058227539,5889300
2012-12-17,107.97000122070312,108.83999633789062,107.94000244140625,108.68000030517578,72.42498779296875,6097100
2012-12-18,108.54000091552734,110.4000015258789,108.31999969482422,110.0999984741211,73.37129974365234,7102700
2012-12-19,110.47000122070312,111.11000061035156,109.88999938964844,109.91000366210938,73.24469757080078,7623200
2012-12-20,110.0,110.66999816894531,109.6500015258789,110.37999725341797,73.5578842163086,5873900
2012-12-21,109.56999969482422,110.30000305175781,108.55999755859375,109.70999908447266,73.11138916015625,15611700
2012-12-24,109.30000305175781,109.38999938964844,108.4800033569336,108.62999725341797,72.39166259765625,2284400
2012-12-26,109.0999984741211,109.2699966430664,108.20999908447266,108.45999908447266,72.27838134765625,4094300
2012-12-27,108.45999908447266,108.86000061035156,107.2699966430664,108.5199966430664,72.318359375,5525700
2012-12-28,107.68000030517578,107.77999877929688,106.30000305175781,106.44999694824219,70.93890380859375,5277100
2012-12-31,105.75,108.2300033569336,105.75,108.13999938964844,72.06512451171875,6554000
2013-01-02,110.2699966430664,110.41999816894531,108.73999786376953,110.38999938964844,73.5645523071289,6144100
2013-01-03,110.13999938964844,110.91999816894531,109.51000213623047,109.91999816894531,73.25135040283203,6817000
2013-01-04,109.98999786376953,110.62000274658203,109.9000015258789,110.5,73.63787841796875,4414500
2013-01-07,110.0199966430664,110.08999633789062,109.19000244140625,109.75,73.1380615234375,4861000
2013-01-08,109.4800033569336,109.69000244140625,109.0999984741211,109.26000213623047,72.81153106689453,6325400
2013-01-09,109.72000122070312,110.08000183105469,109.19999694824219,109.54000091552734,72.99810791015625,4558600
2013-01-10,110.19000244140625,110.76000213623047,110.08999633789062,110.47000122070312,73.61788177490234,5276400
2013-01-11,111.19999694824219,112.08000183105469,110.80000305175781,111.7300033569336,74.4575424194336,5456300
2013-01-14,111.37999725341797,112.94999694824219,111.3499984741211,112.8499984741211,75.20392608642578,6373900
2013-01-15,112.26000213623047,113.47000122070312,112.1500015258789,113.44000244140625,75.59709167480469,5637600
2013-01-16,113.30999755859375,114.33000183105469,113.16999816894531,113.97000122070312,75.95028686523438,6148500
2013-01-17,114.7300033569336,115.86000061035156,114.58999633789062,114.73999786376953,76.46341705322266,6966000
2013-01-18,115.2300033569336,115.23999786376953,114.05999755859375,115.23999786376953,76.79663848876953,8538000
2013-01-22,115.11000061035156,115.94000244140625,114.52999877929688,115.91000366210938,77.24311065673828,5398000
2013-01-23,115.3499984741211,115.9000015258789,114.93000030517578,115.01000213623047,76.64335632324219,5031800
2013-01-24,115.48999786376953,116.37000274658203,115.27999877929688,115.5,76.96986389160156,4895800
2013-01-25,115.5199966430664,116.37999725341797,115.1500015258789,116.19999694824219,77.43636322021484,4745400
2013-01-28,116.55999755859375,116.58000183105469,115.41000366210938,116.04000091552734,77.32975006103516,4520500
2013-01-29,116.27999877929688,117.4000015258789,116.25,117.20999908447266,78.10943603515625,4370100
2013-01-30,117.06999969482422,117.5,116.26000213623047,116.44999694824219,77.60297393798828,5168200
2013-01-31,116.22000122070312,116.9000015258789,115.1500015258789,115.1500015258789,76.73665618896484,7777900
2013-02-01,115.83999633789062,116.69000244140625,115.05000305175781,116.5,77.63630676269531,6415900
2013-02-04,115.0199966430664,115.88999938964844,114.29000091552734,115.19999694824219,76.76997375488281,6397600
2013-02-05,115.73999786376953,116.37999725341797,115.51000213623047,115.80999755859375,77.17646789550781,5067800
2013-02-06,115.43000030517578,115.91999816894531,114.8499984741211,115.91000366210938,77.24311065673828,4459800
2013-02-07,115.98999786376953,116.0,114.33000183105469,115.0199966430664,76.64999389648438,5423900
2013-02-08,114.93000030517578,115.77999877929688,114.9000015258789,115.63999938964844,77.06317901611328,4457200
2013-02-11,115.68000030517578,115.83999633789062,115.01000213623047,115.63999938964844,77.06317901611328,3766300
2013-02-12,115.72000122070312,116.83999633789062,115.51000213623047,116.5,77.63630676269531,4530600
2013-02-13,115.43000030517578,115.83999633789062,114.91000366210938,115.52999877929688,77.58928680419922,4111000
2013-02-14,115.16000366210938,116.26000213623047,115.06999969482422,115.70999908447266,77.71017456054688,5226400
2013-02-15,115.5,115.69999694824219,114.02999877929688,114.95999908447266,77.20645904541016,6353200
2013-02-19,115.19000244140625,116.26000213623047,115.19000244140625,115.91999816894531,77.85118103027344,5023300
2013-02-20,115.93000030517578,116.0999984741211,114.83999633789062,114.98999786376953,77.22660827636719,5447000
2013-02-21,114.79000091552734,115.30000305175781,114.08999633789062,114.98999786376953,77.22660827636719,4795100
2013-02-22,115.51000213623047,116.2300033569336,114.81999969482422,115.95999908447266,77.8780746459961,5207200
2013-02-25,116.5,117.33999633789062,113.5,113.54000091552734,76.2528076171875,7522800
2013-02-26,114.47000122070312,115.16999816894531,113.75,114.95999908447266,77.20645904541016,6113100
2013-02-27,114.70999908447266,116.94999694824219,114.70999908447266,116.6500015258789,78.34146118164062,4540600
2013-02-28,116.56999969482422,117.88999938964844,116.3499984741211,117.1500015258789,78.6772689819336,5953600
2013-03-01,116.7300033569336,117.23999786376953,115.94999694824219,116.9000015258789,78.50936889648438,5570300
2013-03-04,116.77999877929688,117.80999755859375,116.08000183105469,117.48999786376953,78.90558624267578,5046700
2013-03-05,117.97000122070312,118.25,117.66999816894531,117.93000030517578,79.20110321044922,6356000
2013-03-06,118.30000305175781,118.77999877929688,118.02999877929688,118.47000122070312,79.56375122070312,5362200
2013-03-07,118.62000274658203,118.88999938964844,118.20999908447266,118.55999755859375,79.62422180175781,4378700
2013-03-08,118.94999694824219,119.11000061035156,117.98999786376953,118.56999969482422,79.63092803955078,4992000
2013-03-11,118.62999725341797,118.80000305175781,118.0999984741211,118.7300033569336,79.7383804321289,4528400
2013-03-12,118.87999725341797,119.30000305175781,118.16000366210938,118.25,79.4159927368164,4625000
2013-03-13,118.37999725341797,118.69999694824219,118.05999755859375,118.36000061035156,79.48989868164062,5393300
2013-03-14,118.7300033569336,120.26000213623047,118.5999984741211,120.0,80.59130859375,7476700
2013-03-15,119.58999633789062,119.91999816894531,118.91000366210938,119.68000030517578,80.37640380859375,10215600
2013-03-18,118.77999877929688,119.9000015258789,118.69999694824219,119.12999725341797,80.00699615478516,4828700
2013-03-19,119.38999938964844,119.80999755859375,118.6500015258789,119.45999908447266,80.2286376953125,5244200
2013-03-20,119.9800033569336,120.87999725341797,119.86000061035156,120.3499984741211,80.82635498046875,5945300
2013-03-21,120.0,120.98999786376953,119.80999755859375,120.33999633789062,80.81964111328125,6168500
2013-03-22,120.66000366210938,121.4000015258789,120.4800033569336,121.18000030517578,81.3838119506836,5190700
2013-03-25,121.5,121.55999755859375,119.55999755859375,120.18000030517578,80.71219635009766,6345300
2013-03-26,120.73999786376953,121.12999725341797,120.31999969482422,120.9800033569336,81.24946594238281,4256400
2013-03-27,120.5,120.70999908447266,119.69999694824219,120.19000244140625,80.71890258789062,4329600
2013-03-28,120.44000244140625,120.7300033569336,118.76000213623047,118.81999969482422,79.7988052368164,8280100
2013-04-01,118.98999786376953,119.86000061035156,118.76000213623047,119.61000061035156,80.32939910888672,4322200
2013-04-02,119.83999633789062,119.94999694824219,118.66000366210938,119.0,79.91970825195312,4813900
2013-04-03,119.18000030517578,119.25,117.3499984741211,117.77999877929688,79.10037994384766,7175000
2013-04-04,117.93000030517578,118.68000030517578,117.16999816894531,118.06999969482422,79.29510498046875,5409700
2013-04-05,116.63999938964844,117.63999938964844,116.16999816894531,117.5199966430664,78.92575073242188,5029900
2013-04-08,117.44999694824219,117.87000274658203,116.6500015258789,117.80999755859375,79.1205062866211,4117400
2013-04-09,117.98999786376953,118.87000274658203,117.62999725341797,118.63999938964844,79.67794799804688,4849700
2013-04-10,118.88999938964844,119.83000183105469,118.51000213623047,119.63999938964844,80.34951782226562,5452000
2013-04-11,119.95999908447266,121.1500015258789,119.5199966430664,120.94999694824219,81.22933197021484,6092300
2013-04-12,120.45999908447266,120.9000015258789,119.5,119.94000244140625,80.5510025024414,6391700
2013-04-15,118.80999755859375,118.9000015258789,116.5,116.56999969482422,78.2877426147461,9766800
2013-04-16,117.33999633789062,117.5,116.20999908447266,117.01000213623047,78.583251953125,6511400
2013-04-17,116.4000015258789,116.4000015258789,114.12000274658203,114.80999755859375,77.1057357788086,8291200
2013-04-18,114.87999725341797,116.12000274658203,114.5999984741211,115.58999633789062,77.62957763671875,6451600
2013-04-19,116.36000061035156,116.94999694824219,115.83000183105469,115.9000015258789,77.83777618408203,7573200
2013-04-22,116.38999938964844,117.0999984741211,115.88999938964844,116.56999969482422,78.2877426147461,5435700
2013-04-23,116.98999786376953,118.08999633789062,115.9000015258789,117.4800033569336,78.89887237548828,6745200
2013-04-24,118.04000091552734,118.68000030517578,117.9800033569336,118.27999877929688,79.43616485595703,4559000
2013-04-25,119.06999969482422,120.0,118.30000305175781,118.51000213623047,79.59062194824219,5602800
2013-04-26,119.0,120.41000366210938,118.68000030517578,120.04000091552734,80.61817932128906,6012200
2013-04-29,120.44000244140625,121.5999984741211,120.04000091552734,121.31999969482422,81.4778060913086,5158500
2013-04-30,121.05000305175781,122.01000213623047,120.12000274658203,122.01000213623047,81.94123840332031,6907400
2013-05-01,121.25,121.56999969482422,120.05000305175781,120.2699966430664,80.77264404296875,6082100
2013-05-02,121.0,122.33000183105469,120.62999725341797,122.04000091552734,81.96136474609375,5066100
2013-05-03,122.69000244140625,123.91000366210938,122.45999908447266,123.48999786376953,82.93517303466797,6384300
2013-05-06,123.31999969482422,123.77999877929688,122.70999908447266,123.25,82.77399444580078,4668700
2013-05-07,123.3499984741211,123.72000122070312,122.54000091552734,123.04000091552734,82.63297271728516,4412600
2013-05-08,122.9800033569336,123.5999984741211,122.8499984741211,123.36000061035156,82.84786987304688,4479800
2013-05-09,123.45999908447266,123.94999694824219,122.95999908447266,123.63999938964844,83.03589630126953,9237500
2013-05-10,123.37999725341797,123.70999908447266,122.11000061035156,123.2300033569336,82.76055145263672,10581700
2013-05-13,122.9000015258789,123.0999984741211,122.16999816894531,122.8499984741211,82.50535583496094,16870100
2013-05-14,122.91999816894531,125.0,122.91000366210938,125.0,83.94929504394531,6965800
2013-05-15,123.7300033569336,123.7300033569336,122.5999984741211,123.01000213623047,83.2790298461914,7950400
2013-05-16,122.73999786376953,123.37000274658203,122.5,122.76000213623047,83.10977935791016,5549800
2013-05-17,122.73999786376953,123.41999816894531,122.2699966430664,123.41999816894531,83.55661010742188,6850200
2013-05-20,123.43000030517578,124.83999633789062,123.18000030517578,124.77999877929688,84.47733306884766,5298200
2013-05-21,124.83999633789062,126.19999694824219,124.75,125.94000244140625,85.26268768310547,6699300
2013-05-22,125.91000366210938,126.9800033569336,124.5999984741211,124.93000030517578,84.57888793945312,9350100
2013-05-23,124.20999908447266,125.83000183105469,124.20999908447266,125.4000015258789,84.89710998535156,8096100
2013-05-24,124.5,125.55999755859375,124.33000183105469,125.44999694824219,84.93095397949219,5593200
2013-05-28,126.38999938964844,127.4000015258789,125.86000061035156,126.43000030517578,85.59440612792969,6598500
2013-05-29,126.06999969482422,126.7300033569336,124.80999755859375,125.48999786376953,84.9580307006836,6422400
2013-05-30,125.2300033569336,125.97000122070312,124.51000213623047,125.11000061035156,84.70075988769531,4353400
2013-05-31,124.63999938964844,125.30000305175781,122.75,122.75,83.10301208496094,7905000
2013-06-03,122.3499984741211,124.12000274658203,122.3499984741211,124.08999633789062,84.0102310180664,7256900
2013-06-04,122.81999969482422,123.6500015258789,122.13999938964844,122.95999908447266,83.24519348144531,7675500
2013-06-05,122.33999633789062,123.0999984741211,121.30999755859375,121.56999969482422,82.30413818359375,7745600
2013-06-06,121.2699966430664,121.48999786376953,118.66000366210938,120.58999633789062,81.64066314697266,10141500
2013-06-07,121.22000122070312,121.97000122070312,120.13999938964844,121.69999694824219,82.39215087890625,6089800
2013-06-10,122.94000244140625,122.9800033569336,121.80000305175781,122.69000244140625,83.06240844726562,5585600
2013-06-11,121.87000274658203,122.76000213623047,121.26000213623047,121.44999694824219,82.222900390625,4548000
2013-06-12,122.31999969482422,122.7300033569336,119.61000061035156,119.97000122070312,81.22093963623047,5489200
2013-06-13,119.9000015258789,121.83000183105469,119.80999755859375,121.66000366210938,82.3650894165039,4656700
2013-06-14,121.12999725341797,121.68000030517578,120.0999984741211,120.27999877929688,81.43080139160156,4415300
2013-06-17,120.44999694824219,121.77999877929688,120.27999877929688,121.22000122070312,82.06717681884766,4046900
2013-06-18,121.02999877929688,121.72000122070312,120.86000061035156,121.5199966430664,82.27029418945312,4544800
2013-06-19,121.80000305175781,122.37999725341797,120.41000366210938,120.5,81.57975006103516,4634300
2013-06-20,119.54000091552734,119.66000366210938,117.56999969482422,117.94999694824219,79.8533706665039,7624100
2013-06-21,119.23999786376953,119.54000091552734,117.26000213623047,118.93000030517578,80.51683807373047,10692100
2013-06-24,117.70999908447266,118.02999877929688,116.0199966430664,116.81999969482422,79.08834838867188,6785700
2013-06-25,117.75,117.87000274658203,116.91999816894531,117.44999694824219,79.51483917236328,5983100
2013-06-26,118.33999633789062,118.54000091552734,117.0,118.1500015258789,79.98877716064453,4820700
2013-06-27,118.5199966430664,119.54000091552734,118.48999786376953,118.70999908447266,80.36787414550781,4459400
2013-06-28,118.79000091552734,119.55999755859375,118.13999938964844,118.33999633789062,80.11738586425781,6504400
2013-07-01,118.3499984741211,120.01000213623047,118.0,119.08000183105469,80.61839294433594,5053000
2013-07-02,119.08999633789062,120.33000183105469,118.58999633789062,119.1500015258789,80.66578674316406,4912000
2013-07-03,119.23999786376953,119.30000305175781,118.61000061035156,119.08000183105469,80.61839294433594,3034800
2013-07-05,119.69000244140625,120.86000061035156,119.0999984741211,120.51000213623047,81.58649444580078,4386200
2013-07-08,121.29000091552734,122.30999755859375,120.9800033569336,121.23999786376953,82.08072662353516,4964400
2013-07-09,122.38999938964844,123.73999786376953,122.05000305175781,123.2699966430664,83.45503997802734,6252900
2013-07-10,123.44999694824219,124.54000091552734,122.70999908447266,122.9000015258789,83.20457458496094,5549600
2013-07-11,123.94999694824219,124.11000061035156,122.51000213623047,123.7699966430664,83.79354095458984,7235100
2013-07-12,123.5199966430664,124.1500015258789,123.04000091552734,124.05999755859375,83.9898910522461,5615000
2013-07-15,124.11000061035156,125.13999938964844,124.05999755859375,124.68000030517578,84.40963745117188,4062000
2013-07-16,124.70999908447266,125.23999786376953,123.55000305175781,124.12000274658203,84.03053283691406,4002900
2013-07-17,124.6500015258789,125.0,124.29000091552734,124.3499984741211,84.18624114990234,3634600
2013-07-18,124.68000030517578,125.6500015258789,124.63999938964844,125.47000122070312,84.9444808959961,4324100
2013-07-19,125.79000091552734,126.91000366210938,125.16999816894531,126.91000366210938,85.91939544677734,5929900
2013-07-22,126.70999908447266,127.61000061035156,126.6500015258789,127.02999877929688,86.00062561035156,4056100
2013-07-23,127.06999969482422,127.6500015258789,126.69999694824219,127.26000213623047,86.15635681152344,3763300
2013-07-24,127.25,127.62999725341797,125.9000015258789,126.37000274658203,85.55377960205078,4527800
2013-07-25,126.13999938964844,127.83000183105469,125.79000091552734,127.76000213623047,86.4948501586914,4466400
2013-07-26,127.02999877929688,127.62000274658203,126.08999633789062,127.55999755859375,86.35942840576172,4829900
2013-07-29,127.37000274658203,127.37000274658203,125.88999938964844,126.16999816894531,85.41841125488281,4028900
2013-07-30,126.19999694824219,126.95999908447266,125.19000244140625,125.77999877929688,85.15435791015625,4589500
2013-07-31,126.0199966430664,126.91000366210938,125.45999908447266,125.88999938964844,85.22883605957031,5394300
2013-08-01,126.48999786376953,126.66000366210938,125.63999938964844,126.44000244140625,85.60116577148438,5757100
2013-08-02,124.87000274658203,125.0999984741211,123.30000305175781,124.94999694824219,84.59244537353516,7472700
2013-08-05,124.72000122070312,124.75,123.76000213623047,123.98999786376953,83.9425048828125,3733700
2013-08-06,123.97000122070312,124.16000366210938,123.01000213623047,123.13999938964844,83.36705017089844,4677700
2013-08-07,123.02999877929688,123.91999816894531,122.80000305175781,123.33000183105469,83.49568939208984,3898500
2013-08-08,123.87999725341797,124.20999908447266,121.91000366210938,123.06999969482422,83.31966400146484,5639200
2013-08-09,123.12000274658203,123.12000274658203,121.68000030517578,122.5,82.93374633789062,5739400
2013-08-12,122.0,122.06999969482422,120.91000366210938,121.80000305175781,82.45984649658203,6014800
2013-08-13,121.93000030517578,123.2300033569336,121.4000015258789,122.5,82.93374633789062,4461000
2013-08-14,122.76000213623047,122.95999908447266,121.54000091552734,122.05000305175781,82.62911987304688,6884900
2013-08-15,120.68000030517578,121.0,120.0,120.25,82.08302307128906,4247800
2013-08-16,119.88999938964844,120.19000244140625,119.05000305175781,119.87999725341797,81.83045196533203,5652500
2013-08-19,119.69000244140625,120.0,118.5199966430664,118.66000366210938,80.99766540527344,4308900
2013-08-20,118.58999633789062,119.30000305175781,118.29000091552734,118.29000091552734,80.7451171875,4490700
2013-08-21,118.37999725341797,118.5,117.22000122070312,117.69999694824219,80.34239196777344,5648600
2013-08-22,117.94000244140625,119.19000244140625,117.43000030517578,118.29000091552734,80.7451171875,4028600
2013-08-23,118.69000244140625,119.7300033569336,118.12000274658203,119.52999877929688,81.591552734375,4675900
2013-08-26,119.73999786376953,119.91999816894531,118.5199966430664,118.83999633789062,81.12054443359375,3783400
2013-08-27,118.23999786376953,119.66999816894531,118.06999969482422,118.80999755859375,81.1000747680664,5185600
2013-08-28,119.45999908447266,122.36000061035156,119.45999908447266,121.80999755859375,83.14790344238281,7615400
2013-08-29,121.1500015258789,121.55999755859375,120.05999755859375,120.37000274658203,82.1649398803711,5488800
2013-08-30,120.5199966430664,120.87999725341797,120.06999969482422,120.43000030517578,82.20589447021484,4696100
2013-09-03,121.33999633789062,121.4800033569336,120.0,120.55000305175781,82.28781127929688,4154300
2013-09-04,120.3499984741211,121.2699966430664,119.94000244140625,120.86000061035156,82.4994125366211,3671200
2013-09-05,121.08000183105469,121.66999816894531,120.91000366210938,121.37000274658203,82.8475112915039,3337300
2013-09-06,121.52999877929688,122.75,119.01000213623047,121.20999908447266,82.73831939697266,5690200
2013-09-09,121.20999908447266,122.47000122070312,121.20999908447266,122.22000122070312,83.42774200439453,4482000
2013-09-10,122.81999969482422,123.01000213623047,121.20999908447266,123.01000213623047,83.96701049804688,6000800
2013-09-11,123.05000305175781,124.0,122.79000091552734,123.91999816894531,84.58818817138672,4995800
2013-09-12,124.05000305175781,124.62000274658203,123.63999938964844,123.88999938964844,84.56768798828125,4529700
2013-09-13,123.9800033569336,124.83000183105469,123.80999755859375,124.13999938964844,84.73834991455078,3094000
2013-09-16,124.9800033569336,125.19000244140625,123.9800033569336,124.08000183105469,84.69738006591797,4277800
2013-09-17,124.0999984741211,125.19000244140625,124.08000183105469,124.33999633789062,84.87486267089844,5458200
2013-09-18,124.36000061035156,126.43000030517578,123.81999969482422,125.81999969482422,85.88512420654297,6296900
2013-09-19,125.86000061035156,126.12000274658203,125.25,125.44000244140625,85.62574768066406,4440800
2013-09-20,125.66000366210938,126.2300033569336,124.73999786376953,124.91999816894531,85.2707748413086,10264700
2013-09-23,124.62000274658203,125.62000274658203,124.56999969482422,125.5199966430664,85.68033599853516,5450600
2013-09-24,125.33999633789062,125.83999633789062,124.41000366210938,124.48999786376953,84.97726440429688,6097900
2013-09-25,124.7699966430664,125.02999877929688,124.06999969482422,124.06999969482422,84.6905746459961,4498900
2013-09-26,124.0999984741211,124.44000244140625,123.0199966430664,123.48999786376953,84.29468536376953,5022600
2013-09-27,123.2300033569336,123.26000213623047,122.51000213623047,122.63999938964844,83.71446228027344,4518800
2013-09-30,121.5999984741211,122.0199966430664,120.5,121.5,82.93628692626953,6421800
2013-10-01,121.2699966430664,121.73999786376953,120.83999633789062,121.31999969482422,82.81339263916016,4702300
2013-10-02,121.04000091552734,121.18000030517578,119.76000213623047,120.83000183105469,82.47892761230469,5899800
2013-10-03,120.62000274658203,120.66000366210938,117.93000030517578,118.25,80.71781158447266,10203700
2013-10-04,118.5,118.54000091552734,117.5199966430664,118.12999725341797,80.63590240478516,6538500
2013-10-07,117.43000030517578,118.5,117.20999908447266,117.87000274658203,80.45843505859375,5677400
2013-10-08,117.88999938964844,118.08999633789062,116.70999908447266,116.7300033569336,79.68025970458984,6744200
2013-10-09,116.55000305175781,116.80000305175781,115.31999969482422,116.12999725341797,79.27071380615234,8861700
2013-10-10,115.23999786376953,116.37999725341797,114.44000244140625,116.37999725341797,79.44134521484375,11133000
2013-10-11,116.56999969482422,117.70999908447266,115.93000030517578,117.66999816894531,80.3219223022461,6535800
2013-10-14,117.33000183105469,118.75,116.31999969482422,118.58000183105469,80.94307708740234,4789800
2013-10-15,118.55999755859375,119.06999969482422,117.7699966430664,118.1500015258789,80.64957427978516,6414700
2013-10-16,119.41999816894531,119.72000122070312,118.33999633789062,119.16000366210938,81.33898162841797,5614200
2013-10-17,119.0999984741211,119.61000061035156,118.66999816894531,119.5199966430664,81.58473205566406,5254800
2013-10-18,119.61000061035156,119.8499984741211,119.12999725341797,119.6500015258789,81.67347717285156,6231100
2013-10-21,119.62999725341797,120.19000244140625,119.30999755859375,119.81999969482422,81.78949737548828,4360700
2013-10-22,120.13999938964844,120.79000091552734,119.70999908447266,120.63999938964844,82.3492431640625,6444900
2013-10-23,120.29000091552734,120.63999938964844,119.83999633789062,120.12999725341797,82.00111389160156,4961900
2013-10-24,120.66999816894531,121.0,119.91000366210938,120.55999755859375,82.29464721679688,4188100
2013-10-25,120.58999633789062,121.22000122070312,120.2699966430664,120.58999633789062,82.31510162353516,4273300
2013-10-28,120.55999755859375,121.1500015258789,120.08999633789062,120.91000366210938,82.53353881835938,5497700
2013-10-29,121.33000183105469,122.01000213623047,121.16000366210938,121.5,82.93628692626953,4241700
2013-10-30,121.54000091552734,121.95999908447266,119.91000366210938,120.30000305175781,82.1171646118164,4999100
2013-10-31,120.1500015258789,121.33000183105469,119.83000183105469,119.95999908447266,81.88509368896484,7752500
2013-11-01,119.04000091552734,119.44000244140625,117.0,118.01000213623047,80.55400085449219,9344200
2013-11-04,118.58999633789062,118.5999984741211,117.31999969482422,118.0999984741211,80.61544799804688,6670300
2013-11-05,117.5999984741211,118.9000015258789,117.06999969482422,118.44999694824219,80.85433959960938,6623300
2013-11-06,119.30000305175781,121.41000366210938,118.81999969482422,121.13999938964844,82.69053649902344,8373200
2013-11-07,121.5999984741211,121.87999725341797,119.41999816894531,119.91000366210938,81.8509521484375,10131200
2013-11-08,119.66999816894531,121.20999908447266,119.58000183105469,121.19000244140625,82.72466278076172,11331000
2013-11-11,121.18000030517578,121.5,120.70999908447266,121.08000183105469,82.64957427978516,3427600
2013-11-12,121.02999877929688,121.25,119.62999725341797,120.0,81.9123764038086,6914200
2013-11-13,119.58000183105469,120.1500015258789,119.19000244140625,120.08999633789062,81.97381591796875,6212000
2013-11-14,119.58000183105469,119.93000030517578,119.31999969482422,119.55999755859375,82.29733276367188,5470900
2013-11-15,119.77999877929688,120.2699966430664,119.12999725341797,120.05999755859375,82.6415023803711,6008000
2013-11-18,120.70999908447266,120.88999938964844,120.06999969482422,120.55999755859375,82.98567199707031,4788700
2013-11-19,120.55000305175781,122.37999725341797,120.2699966430664,122.05999755859375,84.0181655883789,5891800
2013-11-20,122.16000366210938,122.75,121.5999984741211,122.0,83.97685241699219,4571300
2013-11-21,122.36000061035156,123.5999984741211,122.36000061035156,123.45999908447266,84.9818344116211,4884300
2013-11-22,123.54000091552734,124.19000244140625,122.41999816894531,124.02999877929688,85.37416076660156,3887400
2013-11-25,123.7699966430664,124.0999984741211,123.22000122070312,123.73999786376953,85.17457580566406,3925300
2013-11-26,123.41000366210938,123.69999694824219,122.6500015258789,122.77999877929688,84.51376342773438,4597500
2013-11-27,122.62000274658203,122.73999786376953,121.63999938964844,122.41999816894531,84.26596069335938,3906700
2013-11-29,122.83000183105469,123.30000305175781,122.0,122.44000244140625,84.27973175048828,3721000
2013-12-02,122.87000274658203,123.05999755859375,122.05000305175781,122.33999633789062,84.21088409423828,5384000
2013-12-03,122.30999755859375,122.9000015258789,121.87000274658203,122.5199966430664,84.33477020263672,5410200
2013-12-04,122.0999984741211,122.83000183105469,121.19000244140625,121.7699966430664,83.81852722167969,4391800
2013-12-05,121.2699966430664,122.0,120.70999908447266,121.0999984741211,83.35737609863281,4706800
2013-12-06,122.05000305175781,122.36000061035156,121.6500015258789,122.29000091552734,84.17647552490234,4179100
2013-12-09,122.2699966430664,123.87999725341797,122.16000366210938,123.33999633789062,84.89923095703125,7706500
2013-12-10,123.79000091552734,123.94000244140625,122.69999694824219,123.66000366210938,85.11949157714844,5602700
2013-12-11,123.81999969482422,123.88999938964844,121.80000305175781,122.0999984741211,84.04570007324219,7309900
2013-12-12,121.77999877929688,122.0999984741211,120.56999969482422,120.98999786376953,83.28164672851562,7221200
2013-12-13,120.44000244140625,121.13999938964844,119.37999725341797,119.9000015258789,82.53136444091797,5268100
2013-12-16,120.45999908447266,120.69999694824219,119.80999755859375,120.22000122070312,82.75161743164062,7304500
2013-12-17,120.12000274658203,120.2300033569336,118.25,118.73999786376953,81.73289489746094,6824000
2013-12-18,119.33000183105469,121.7699966430664,119.20999908447266,121.5999984741211,83.70153045654297,8206400
2013-12-19,121.56999969482422,123.4000015258789,121.05999755859375,123.22000122070312,84.816650390625,6540600
2013-12-20,122.81999969482422,123.79000091552734,122.4000015258789,122.77999877929688,84.51376342773438,9455200
2013-12-23,123.41000366210938,123.58999633789062,122.62999725341797,122.80000305175781,84.52751159667969,4062400
2013-12-24,122.7699966430664,123.55000305175781,122.69999694824219,123.51000213623047,85.01625061035156,1587800
2013-12-26,123.5999984741211,124.98999786376953,123.55000305175781,124.80999755859375,85.91108703613281,3415200
2013-12-27,125.0,125.6500015258789,124.69000244140625,125.2300033569336,86.20018768310547,3455300
2013-12-30,124.79000091552734,125.20999908447266,123.9000015258789,124.2300033569336,85.51185607910156,4688500
2013-12-31,124.68000030517578,125.16999816894531,123.93000030517578,124.91000366210938,85.97991180419922,3475600
2014-01-02,124.45999908447266,124.87999725341797,123.70999908447266,124.13999938964844,85.44989776611328,4540300
2014-01-03,124.5999984741211,124.88999938964844,123.86000061035156,124.3499984741211,85.59446716308594,3506000
2014-01-06,124.58999633789062,124.80000305175781,123.5199966430664,124.0199966430664,85.36730194091797,4252300
2014-01-07,124.41999816894531,125.31999969482422,123.6500015258789,125.06999969482422,86.09005737304688,4563300
2014-01-08,124.44000244140625,124.45999908447266,122.75,123.29000091552734,84.86480712890625,8282500
2014-01-09,123.41999816894531,123.41999816894531,122.0199966430664,123.29000091552734,84.86480712890625,5643500
2014-01-10,122.5,122.83999633789062,120.37000274658203,121.01000213623047,83.29540252685547,8127500
2014-01-13,120.80999755859375,120.9000015258789,119.01000213623047,119.25,82.08393096923828,6504200
2014-01-14,119.4000015258789,119.75,118.80000305175781,119.56999969482422,82.30419921875,6904600
2014-01-15,119.69000244140625,120.06999969482422,119.05000305175781,119.18000030517578,82.0357437133789,5829300
2014-01-16,119.11000061035156,119.29000091552734,118.19000244140625,118.83000183105469,81.79484558105469,5041100
2014-01-17,119.02999877929688,120.37999725341797,118.73999786376953,119.29000091552734,82.11149597167969,7199700
2014-01-21,120.73999786376953,120.88999938964844,119.51000213623047,120.36000061035156,82.84798431396484,5602300
2014-01-22,120.51000213623047,120.76000213623047,119.97000122070312,120.43000030517578,82.89618682861328,4977500
2014-01-23,119.83999633789062,119.8499984741211,118.26000213623047,118.38999938964844,81.49197387695312,6205800
2014-01-24,117.87000274658203,118.13999938964844,116.26000213623047,116.29000091552734,80.04647064208984,7094900
2014-01-27,116.26000213623047,117.25,115.87999725341797,116.43000030517578,80.14283752441406,6179500
2014-01-28,116.72000122070312,117.02999877929688,116.06999969482422,116.83999633789062,80.42506408691406,4303700
2014-01-29,116.13999938964844,116.88999938964844,115.70999908447266,116.0,79.84685516357422,5522100
2014-01-30,116.30999755859375,116.95999908447266,115.18000030517578,116.44999694824219,80.15660858154297,5538700
2014-01-31,113.9000015258789,113.9000015258789,111.11000061035156,111.62999725341797,76.83882904052734,15523500
2014-02-03,112.3499984741211,112.45999908447266,110.54000091552734,111.13999938964844,76.50154113769531,11275300
2014-02-04,111.86000061035156,112.04000091552734,110.48999786376953,110.83000183105469,76.28816223144531,9717200
2014-02-05,111.0,111.0,109.2699966430664,109.5199966430664,75.3864517211914,10562900
2014-02-06,110.11000061035156,111.3499984741211,109.91000366210938,111.2699966430664,76.59101104736328,7983300
2014-02-07,111.91000366210938,112.12000274658203,110.38999938964844,112.05000305175781,77.1279296875,7071800
2014-02-10,112.47000122070312,112.47000122070312,111.08000183105469,111.69000244140625,76.88014221191406,9251300
2014-02-11,112.02999877929688,113.87000274658203,111.94999694824219,113.58000183105469,78.18108367919922,6874700
2014-02-12,112.88999938964844,112.88999938964844,111.80999755859375,112.02999877929688,77.79914855957031,6422100
2014-02-13,111.7300033569336,112.73999786376953,111.18000030517578,112.51000213623047,78.13247680664062,5061600
2014-02-14,112.58000183105469,113.83000183105469,111.58999633789062,113.4800033569336,78.80608367919922,6776400
2014-02-18,113.86000061035156,114.11000061035156,112.5999984741211,112.70999908447266,78.27136993408203,6106600
2014-02-19,112.55000305175781,115.05000305175781,112.47000122070312,113.5999984741211,78.889404296875,7989900
2014-02-20,113.51000213623047,115.33000183105469,113.0999984741211,114.5999984741211,79.5838623046875,8406900
2014-02-21,114.72000122070312,114.73999786376953,112.5999984741211,112.68000030517578,78.25051879882812,9221100
2014-02-24,113.37000274658203,115.0,113.05000305175781,114.1500015258789,79.27137756347656,7337900
2014-02-25,114.37000274658203,115.44000244140625,114.23999786376953,114.97000122070312,79.84080505371094,5976100
2014-02-26,114.81999969482422,115.86000061035156,114.4000015258789,115.51000213623047,80.21583557128906,6113800
2014-02-27,115.66000366210938,115.81999969482422,114.55999755859375,115.69000244140625,80.34083557128906,4922600
2014-02-28,115.87000274658203,116.73999786376953,114.80999755859375,115.33000183105469,80.0908432006836,6944600
2014-03-03,114.79000091552734,116.19000244140625,114.26000213623047,114.83999633789062,79.75054931640625,6046200
2014-03-04,115.88999938964844,116.2699966430664,115.26000213623047,115.31999969482422,80.08387756347656,5611500
2014-03-05,115.08000183105469,115.26000213623047,114.01000213623047,114.43000030517578,79.46582794189453,6703700
2014-03-06,114.70999908447266,115.1500015258789,114.3499984741211,114.8499984741211,79.75748443603516,5179600
2014-03-07,115.06999969482422,115.94999694824219,114.63999938964844,115.08000183105469,79.9172134399414,5055600
2014-03-10,115.44999694824219,115.94000244140625,114.12000274658203,115.83999633789062,80.44499206542969,6203000
2014-03-11,115.9000015258789,116.2300033569336,114.23999786376953,114.51000213623047,79.52135467529297,6274300
2014-03-12,114.13999938964844,116.36000061035156,114.12999725341797,115.6500015258789,80.31303405761719,6812900
2014-03-13,115.5999984741211,115.75,114.12000274658203,114.44999694824219,79.47969818115234,5405100
2014-03-14,114.36000061035156,114.9000015258789,113.68000030517578,114.0999984741211,79.23663330078125,6280000
2014-03-17,114.26000213623047,115.29000091552734,114.12999725341797,115.06999969482422,79.9102554321289,5894500
2014-03-18,115.62000274658203,116.55999755859375,115.19999694824219,116.23999786376953,80.72276306152344,6329600
2014-03-19,115.87999725341797,116.73999786376953,114.66000366210938,115.19999694824219,80.00053405761719,5569600
2014-03-20,114.8499984741211,116.08000183105469,114.31999969482422,115.51000213623047,80.21583557128906,5280600
2014-03-21,116.29000091552734,118.0,115.58000183105469,115.62999725341797,80.29915618896484,14893600
2014-03-24,116.0,116.69000244140625,115.6500015258789,115.8499984741211,80.45193481445312,5386900
2014-03-25,116.2300033569336,117.19000244140625,116.20999908447266,117.08999633789062,81.31302642822266,5573000
2014-03-26,117.80000305175781,118.27999877929688,117.36000061035156,117.70999908447266,81.74358367919922,5971600
2014-03-27,117.75,117.98999786376953,116.83000183105469,117.66999816894531,81.71583557128906,5224600
2014-03-28,118.12999725341797,118.55000305175781,117.69999694824219,118.5,82.29222106933594,5875100
2014-03-31,118.79000091552734,119.62000274658203,118.48999786376953,118.91000366210938,82.57694244384766,5482700
2014-04-01,119.1500015258789,119.61000061035156,118.83999633789062,119.0,82.63944244384766,5391400
2014-04-02,118.5199966430664,119.54000091552734,118.5199966430664,119.3499984741211,82.88249969482422,4505600
2014-04-03,119.77999877929688,119.79000091552734,118.88999938964844,119.04000091552734,82.6672134399414,4446400
2014-04-04,119.75,119.75,118.58999633789062,118.80000305175781,82.50054168701172,5301300
2014-04-07,118.31999969482422,118.81999969482422,117.33999633789062,117.33999633789062,81.48664855957031,5241300
2014-04-08,117.66000366210938,118.30999755859375,117.18000030517578,117.80000305175781,81.80612182617188,4706100
2014-04-09,117.83000183105469,119.25,117.58999633789062,119.0999984741211,82.70889282226562,5376500
2014-04-10,117.19999694824219,118.05999755859375,116.55000305175781,116.69000244140625,81.03527069091797,8769200
2014-04-11,116.5,117.7300033569336,116.5,117.02999877929688,81.2713851928711,7028800
2014-04-14,117.83999633789062,118.83000183105469,117.33999633789062,118.69999694824219,82.43111419677734,6817700
2014-04-15,118.70999908447266,120.30999755859375,118.33999633789062,120.30000305175781,83.542236328125,7681900
2014-04-16,120.9000015258789,122.12000274658203,120.9000015258789,121.83000183105469,84.604736328125,7277000
2014-04-17,121.72000122070312,123.8499984741211,121.72000122070312,123.68000030517578,85.88946533203125,8604900
2014-04-21,123.05000305175781,124.4000015258789,123.05000305175781,124.23999786376953,86.27835845947266,6351100
2014-04-22,123.87000274658203,124.3499984741211,123.61000061035156,124.0,86.11170959472656,5849200
2014-04-23,124.19000244140625,124.95999908447266,124.19000244140625,124.69000244140625,86.59088134765625,5596300
2014-04-24,124.83999633789062,124.91999816894531,124.13999938964844,124.30000305175781,86.3200454711914,5185300
2014-04-25,124.2300033569336,124.69999694824219,123.58000183105469,123.98999786376953,86.1047592163086,5776300
2014-04-28,124.26000213623047,126.05999755859375,124.25,125.7300033569336,87.31310272216797,7687800
2014-04-29,125.91999816894531,127.2699966430664,125.76000213623047,125.97000122070312,87.47977447509766,6666800
2014-04-30,125.76000213623047,125.9800033569336,125.30999755859375,125.5199966430664,87.16724395751953,6123500
2014-05-01,125.66000366210938,125.76000213623047,124.27999877929688,124.94000244140625,86.76446533203125,6379600
2014-05-02,123.9000015258789,125.80000305175781,123.58000183105469,124.72000122070312,86.6116943359375,5406100
2014-05-05,124.81999969482422,125.8499984741211,124.33999633789062,125.36000061035156,87.05615234375,4224400
2014-05-06,125.0,125.69000244140625,124.5199966430664,124.97000122070312,86.78531646728516,5600000
2014-05-07,125.94999694824219,126.77999877929688,125.63999938964844,126.2300033569336,87.66032409667969,5436000
2014-05-08,125.69999694824219,126.12999725341797,124.87000274658203,125.08999633789062,86.86863708496094,5009800
2014-05-09,125.38999938964844,126.06999969482422,124.63999938964844,125.02999877929688,86.82698059082031,4826100
2014-05-12,125.56999969482422,125.56999969482422,124.62999725341797,125.23999786376953,86.97280883789062,4914700
2014-05-13,125.56999969482422,125.98999786376953,124.97000122070312,125.8499984741211,87.39643096923828,4415200
2014-05-14,126.13999938964844,126.77999877929688,125.76000213623047,126.41999816894531,87.792236328125,4961400
2014-05-15,125.16999816894531,125.5,123.55000305175781,123.80999755859375,86.71367645263672,5939500
2014-05-16,123.95999908447266,124.3499984741211,122.88999938964844,123.18000030517578,86.2724380493164,6435100
2014-05-19,122.94999694824219,123.41999816894531,122.8499984741211,122.94999694824219,86.1113510131836,4042300
2014-05-20,122.94999694824219,123.0999984741211,122.23999786376953,122.5,85.79617309570312,4044400
2014-05-21,123.0,124.36000061035156,122.94000244140625,124.16000366210938,86.95883178710938,4758700
2014-05-22,124.0999984741211,124.41000366210938,123.55999755859375,123.62999725341797,86.58761596679688,3262700
2014-05-23,124.0999984741211,124.36000061035156,123.33000183105469,123.37000274658203,86.40553283691406,3808100
2014-05-27,123.76000213623047,123.98999786376953,122.75,122.83999633789062,86.0343246459961,4283300
2014-05-28,122.9000015258789,123.30999755859375,122.5199966430664,122.5199966430664,85.8101806640625,4702900
2014-05-29,122.88999938964844,122.9000015258789,121.6500015258789,122.31999969482422,85.67011260986328,6255000
2014-05-30,122.23999786376953,122.87999725341797,122.01000213623047,122.79000091552734,85.99929809570312,5174700
2014-06-02,122.93000030517578,123.04000091552734,122.01000213623047,122.20999908447266,85.59308624267578,3689800
2014-06-03,122.38999938964844,122.81999969482422,121.72000122070312,122.55000305175781,85.83121490478516,3563800
2014-06-04,122.31999969482422,122.68000030517578,122.0,122.3499984741211,85.6911392211914,3285500
2014-06-05,122.52999877929688,123.77999877929688,122.45999908447266,123.5199966430664,86.51057434082031,4220600
2014-06-06,123.69999694824219,124.69999694824219,123.54000091552734,124.19000244140625,86.9798355102539,4295400
2014-06-09,124.01000213623047,124.63999938964844,123.87999725341797,124.37000274658203,87.10591125488281,3657700
2014-06-10,124.9800033569336,125.37000274658203,124.1500015258789,125.33999633789062,87.78526306152344,5869400
2014-06-11,125.12999725341797,125.47000122070312,124.62000274658203,125.18000030517578,87.6732177734375,4570900
2014-06-12,125.7300033569336,126.2300033569336,125.41999816894531,126.11000061035156,88.32455444335938,6815800
2014-06-13,125.94000244140625,127.26000213623047,125.9000015258789,127.26000213623047,89.1299819946289,5573600
2014-06-16,127.1500015258789,128.80999755859375,127.13999938964844,128.5399932861328,90.02647399902344,7065300
2014-06-17,127.9000015258789,129.0399932861328,127.56999969482422,128.8300018310547,90.22956848144531,6720700
2014-06-18,128.9600067138672,130.5,128.36000061035156,130.27999877929688,91.24514770507812,7697700
2014-06-19,130.2899932861328,132.0,129.91000366210938,131.99000549316406,92.44275665283203,7419900
2014-06-20,131.9499969482422,132.39999389648438,130.8800048828125,132.33999633789062,92.68791198730469,11348300
2014-06-23,132.52000427246094,133.57000732421875,132.4199981689453,132.97999572753906,93.13614654541016,11006900
2014-06-24,132.74000549316406,133.4600067138672,131.7100067138672,131.77000427246094,92.28868865966797,8581100
2014-06-25,131.33999633789062,132.36000061035156,131.00999450683594,131.22999572753906,91.91046142578125,6714200
2014-06-26,131.2100067138672,131.22000122070312,129.52999877929688,130.9199981689453,91.69336700439453,6111400
2014-06-27,130.72999572753906,130.9499969482422,129.3000030517578,130.36000061035156,91.3011474609375,8674700
2014-06-30,130.14999389648438,130.6300048828125,129.3699951171875,130.5500030517578,91.43421173095703,5698900
2014-07-01,130.94000244140625,131.4199981689453,130.4600067138672,130.5399932861328,91.42720794677734,4000500
2014-07-02,130.52999877929688,130.9199981689453,129.99000549316406,130.22999572753906,91.2100830078125,5136800
2014-07-03,131.44000244140625,131.58999633789062,130.72000122070312,131.19000244140625,91.88246154785156,3514000
2014-07-07,130.44000244140625,130.63999938964844,130.02000427246094,130.47000122070312,91.37820434570312,3660000
2014-07-08,129.6999969482422,130.3800048828125,129.52000427246094,129.89999389648438,90.97898864746094,4687600
2014-07-09,130.27000427246094,131.69000244140625,129.99000549316406,131.38999938964844,92.02254486083984,5200800
2014-07-10,130.47999572753906,130.86000061035156,129.89999389648438,130.25,91.22411346435547,4404800
2014-07-11,129.1300048828125,129.88999938964844,128.02999877929688,128.47000122070312,89.9774398803711,5242700
2014-07-14,128.8000030517578,129.5,128.3800048828125,129.25999450683594,90.53072357177734,4135800
2014-07-15,129.07000732421875,129.5,128.61000061035156,129.25999450683594,90.53072357177734,4845000
2014-07-16,129.88999938964844,130.94000244140625,129.69000244140625,130.88999938964844,91.67236328125,4491800
2014-07-17,130.63999938964844,131.5,129.8800048828125,130.0800018310547,91.10504913330078,4953600
2014-07-18,130.63999938964844,130.72999572753906,129.5800018310547,130.38999938964844,91.32215881347656,4339400
2014-07-21,130.11000061035156,131.33999633789062,130.00999450683594,131.2899932861328,91.95248413085938,3714000
2014-07-22,131.5500030517578,133.1999969482422,131.5500030517578,132.5800018310547,92.85598754882812,4391700
2014-07-23,132.6999969482422,133.92999267578125,132.47999572753906,133.8800048828125,93.76646423339844,4589500
2014-07-24,134.02999877929688,135.10000610351562,133.69000244140625,134.85000610351562,94.44583892822266,5337900
2014-07-25,134.5800018310547,134.61000061035156,133.05999755859375,133.57000732421875,93.54936981201172,3702000
2014-07-28,133.55999755859375,133.8000030517578,132.88999938964844,133.24000549316406,93.31822967529297,4625000
2014-07-29,132.89999389648438,133.72000122070312,132.4199981689453,132.4199981689453,92.74391174316406,4189100
2014-07-30,132.97000122070312,133.69000244140625,131.5,132.52999877929688,92.82095336914062,4601800
2014-07-31,131.72999572753906,131.97000122070312,129.10000610351562,129.24000549316406,90.51673126220703,7973700
2014-08-01,127.76000213623047,128.9600067138672,126.36000061035156,127.9000015258789,89.57821655273438,7377800
2014-08-04,127.69000244140625,128.36000061035156,126.02999877929688,128.1699981689453,89.76731872558594,7360000
2014-08-05,127.80999755859375,127.80999755859375,124.58000183105469,124.95999908447266,87.51911926269531,8066700
2014-08-06,124.9000015258789,126.97000122070312,124.80000305175781,125.7300033569336,88.05843353271484,5134900
2014-08-07,126.19000244140625,126.7300033569336,124.83000183105469,125.6500015258789,88.00238800048828,4650700
2014-08-08,126.06999969482422,127.95999908447266,125.91000366210938,127.86000061035156,89.55020904541016,4730700
2014-08-11,128.16000366210938,128.6699981689453,127.54000091552734,127.70999908447266,89.44517517089844,3466500
2014-08-12,127.13999938964844,127.27999877929688,126.26000213623047,127.08999633789062,89.01094055175781,4944100
2014-08-13,127.63999938964844,128.24000549316406,126.87000274658203,127.5999984741211,89.36811065673828,3518200
2014-08-14,127.68000030517578,127.69999694824219,126.52999877929688,126.95999908447266,88.91985321044922,4524000
2014-08-15,126.41999816894531,126.79000091552734,125.68000030517578,126.0999984741211,89.06819152832031,5754300
2014-08-18,126.2699966430664,126.58999633789062,125.62999725341797,126.30000305175781,89.20945739746094,4630000
2014-08-19,126.72000122070312,127.69999694824219,126.55000305175781,127.62999725341797,90.14887237548828,3887800
2014-08-20,127.25,127.5999984741211,126.77999877929688,127.48999786376953,90.05000305175781,3230300
2014-08-21,127.68000030517578,128.17999267578125,127.18000030517578,127.93000030517578,90.36077880859375,2668100
2014-08-22,127.0199966430664,127.5,126.47000122070312,127.11000061035156,89.78160858154297,3236900
2014-08-25,127.56999969482422,128.07000732421875,127.37999725341797,127.83999633789062,90.29722595214844,2645700
2014-08-26,128.05999755859375,128.7100067138672,127.94000244140625,128.25,90.58683013916016,2832400
2014-08-27,128.41000366210938,128.82000732421875,128.19000244140625,128.63999938964844,90.86226654052734,2767000
2014-08-28,128.27999877929688,128.89999389648438,128.25,128.75,90.9399642944336,2409000
2014-08-29,129.0,129.52999877929688,128.5,129.4499969482422,91.43437957763672,3519000
2014-09-02,129.1999969482422,129.3800048828125,127.05999755859375,127.54000091552734,90.08529663085938,4744500
2014-09-03,128.4499969482422,128.8800048828125,127.66999816894531,127.86000061035156,90.31135559082031,3846300
2014-09-04,128.2100067138672,128.4600067138672,126.19999694824219,126.80000305175781,89.56262969970703,5191200
2014-09-05,127.1500015258789,127.44000244140625,126.16000366210938,127.4000015258789,89.98641967773438,5035500
2014-09-08,126.68000030517578,126.75,125.69000244140625,126.20999908447266,89.14591979980469,4200800
2014-09-09,124.48999786376953,125.79000091552734,124.26000213623047,125.18000030517578,88.41838073730469,6721600
2014-09-10,124.45999908447266,124.73999786376953,123.01000213623047,124.27999877929688,87.7826919555664,10941800
2014-09-11,123.27999877929688,124.06999969482422,122.41000366210938,123.83000183105469,87.46484375,6569600
2014-09-12,123.54000091552734,123.66000366210938,122.20999908447266,122.66000366210938,86.638427734375,4915600
2014-09-15,122.3499984741211,124.77999877929688,122.05999755859375,124.23999786376953,87.75443267822266,5437600
2014-09-16,124.05999755859375,125.68000030517578,123.61000061035156,124.95999908447266,88.26298522949219,6587200
2014-09-17,125.12999725341797,125.48999786376953,124.44999694824219,124.72000122070312,88.09345245361328,4583500
2014-09-18,124.8499984741211,125.04000091552734,123.8499984741211,124.13999938964844,87.68379974365234,4683200
2014-09-19,124.94000244140625,125.69999694824219,124.6500015258789,124.80000305175781,88.14998626708984,10090000
2014-09-22,124.5999984741211,124.91999816894531,123.47000122070312,123.48999786376953,87.22469329833984,5850500
2014-09-23,123.52999877929688,123.9800033569336,122.86000061035156,123.05999755859375,86.92095184326172,5620700
2014-09-24,123.06999969482422,123.06999969482422,120.8499984741211,122.4000015258789,86.45478820800781,8005900
2014-09-25,122.19999694824219,122.61000061035156,120.68000030517578,120.68000030517578,85.23989868164062,6466300
2014-09-26,120.55000305175781,122.04000091552734,120.0199966430664,121.47000122070312,85.79788970947266,5500500
2014-09-29,120.72000122070312,120.73999786376953,119.13999938964844,120.55000305175781,85.14805603027344,6791500
2014-09-30,120.51000213623047,120.51000213623047,118.66000366210938,119.31999969482422,84.27928924560547,8385700
2014-10-01,118.80000305175781,119.3499984741211,117.37999725341797,117.6500015258789,83.09972381591797,8027900
2014-10-02,117.38999938964844,117.9000015258789,116.12999725341797,117.11000061035156,82.71829223632812,8171200
2014-10-03,118.16000366210938,118.16000366210938,116.4000015258789,117.70999908447266,83.14208984375,6298300
2014-10-06,117.91000366210938,119.05000305175781,117.27999877929688,118.08999633789062,83.41049194335938,5409500
2014-10-07,117.47000122070312,118.43000030517578,116.0,116.0199966430664,81.9483871459961,7303800
2014-10-08,115.83000183105469,118.25,115.1500015258789,117.94999694824219,83.31160736083984,9517400
2014-10-09,117.0199966430664,117.08000183105469,114.23999786376953,114.51000213623047,80.88182830810547,11489200
2014-10-10,114.69999694824219,115.7300033569336,112.87999725341797,113.88999938964844,80.44392395019531,9253100
2014-10-13,113.55000305175781,114.58999633789062,111.8499984741211,112.02999877929688,79.13013458251953,7799100
2014-10-14,112.5999984741211,113.05000305175781,109.0999984741211,109.77999877929688,77.5408935546875,11541500
2014-10-15,108.56999969482422,109.5,106.6500015258789,109.2699966430664,77.18064880371094,15278400
2014-10-16,107.95999908447266,111.31999969482422,107.19999694824219,111.05999755859375,78.44498443603516,11908400
2014-10-17,111.77999877929688,112.73999786376953,110.7300033569336,111.80000305175781,78.96768188476562,10895500
2014-10-20,111.52999877929688,112.27999877929688,110.97000122070312,111.48999786376953,78.74871826171875,8823800
2014-10-21,113.18000030517578,115.16999816894531,112.91000366210938,115.08999633789062,81.29151153564453,8899700
2014-10-22,115.19999694824219,116.23999786376953,113.91000366210938,114.0,80.52161407470703,7211600
2014-10-23,116.0,117.31999969482422,114.94999694824219,116.19000244140625,82.06846618652344,7195500
2014-10-24,116.19000244140625,116.26000213623047,114.52999877929688,115.91000366210938,81.87068939208984,5507900
2014-10-27,114.37999725341797,115.37000274658203,113.45999908447266,115.0199966430664,81.2420654296875,6714600
2014-10-28,116.16999816894531,117.2699966430664,115.16000366210938,117.12999725341797,82.73242950439453,7272600
2014-10-29,118.0,118.93000030517578,116.0999984741211,117.13999938964844,82.73948669433594,6873700
2014-10-30,116.18000030517578,117.25,115.56999969482422,117.19999694824219,82.7818603515625,5174400
2014-10-31,118.3499984741211,120.16999816894531,116.38999938964844,119.94999694824219,84.7242660522461,10669500
2014-11-03,119.83000183105469,119.97000122070312,116.45999908447266,116.77999877929688,82.48521423339844,10343300
2014-11-04,115.98999786376953,116.0199966430664,114.80000305175781,115.37000274658203,81.48927307128906,9585800
2014-11-05,117.2699966430664,117.30000305175781,114.86000061035156,117.05000305175781,82.6759033203125,6603300
2014-11-06,116.9000015258789,118.55000305175781,116.36000061035156,118.52999877929688,83.72126770019531,6383800
2014-11-07,118.75,119.7300033569336,118.36000061035156,118.80000305175781,83.91197967529297,7366600
2014-11-10,119.58000183105469,119.66999816894531,117.30999755859375,117.91999816894531,83.2904281616211,6114600
2014-11-11,117.94999694824219,118.66999816894531,117.30000305175781,118.44000244140625,83.65772247314453,3957000
2014-11-12,117.86000061035156,118.70999908447266,117.37999725341797,117.6500015258789,83.09972381591797,4923900
2014-11-13,117.08999633789062,117.47000122070312,115.63999938964844,116.44999694824219,82.25212860107422,11019900
2014-11-14,115.69999694824219,116.3499984741211,115.41999816894531,116.31999969482422,82.92223358154297,4891700
2014-11-17,115.95999908447266,116.1500015258789,115.2699966430664,115.75,82.51588439941406,5713700
2014-11-18,115.97000122070312,116.62999725341797,115.25,115.47000122070312,82.31627655029297,5672800
2014-11-19,115.97000122070312,116.68000030517578,115.06999969482422,116.47000122070312,83.02916717529297,4270300
2014-11-20,116.16000366210938,117.47000122070312,116.16000366210938,117.30999755859375,83.62796783447266,5272800
2014-11-21,118.79000091552734,118.91000366210938,117.7300033569336,118.58000183105469,84.5333251953125,7361600
2014-11-24,118.12999725341797,118.58000183105469,117.1500015258789,117.58999633789062,83.82756805419922,5807600
2014-11-25,117.80000305175781,117.81999969482422,115.62999725341797,116.1500015258789,82.80103302001953,6671400
2014-11-26,116.06999969482422,116.3499984741211,115.0199966430664,115.11000061035156,82.05964660644531,6715100
2014-11-28,111.58999633789062,111.69000244140625,108.43000030517578,108.87000274658203,77.61125183105469,11935600
2014-12-01,109.37999725341797,112.48999786376953,108.68000030517578,111.7300033569336,79.65011596679688,13400100
2014-12-02,111.2699966430664,114.55999755859375,110.88999938964844,114.0199966430664,81.28260803222656,8548700
2014-12-03,114.73999786376953,114.81999969482422,113.1500015258789,113.70999908447266,81.06161499023438,8049800
2014-12-04,113.08000183105469,113.08000183105469,111.01000213623047,112.27999877929688,80.04217529296875,8100700
2014-12-05,111.79000091552734,112.29000091552734,110.70999908447266,110.87000274658203,79.03702545166016,7663400
2014-12-08,109.88999938964844,109.94000244140625,106.41000366210938,106.80000305175781,76.1356201171875,13809000
2014-12-09,106.16999816894531,108.1500015258789,106.12999725341797,107.01000213623047,76.28531646728516,11053000
2014-12-10,106.22000122070312,106.25,103.06999969482422,104.86000061035156,74.75260925292969,15073400
2014-12-11,104.97000122070312,107.2699966430664,104.30000305175781,104.91000366210938,74.78826904296875,10293600
2014-12-12,103.76000213623047,104.3499984741211,102.37000274658203,102.37999725341797,72.98466491699219,12013600
2014-12-15,103.12999725341797,103.91000366210938,100.41999816894531,100.86000061035156,71.90109252929688,13144200
2014-12-16,100.5,104.47000122070312,100.1500015258789,101.69999694824219,72.4999008178711,12722200
2014-12-17,102.18000030517578,106.58999633789062,102.01000213623047,106.0199966430664,75.57955169677734,13354000
2014-12-18,108.01000213623047,109.02999877929688,105.48999786376953,109.02999877929688,77.72533416748047,13533000
2014-12-19,109.52999877929688,112.95999908447266,108.5,112.93000030517578,80.50556182861328,15723300
2014-12-22,112.36000061035156,112.98999786376953,111.06999969482422,112.02999877929688,79.86396789550781,9433500
2014-12-23,112.76000213623047,114.44999694824219,112.31999969482422,113.94999694824219,81.23268127441406,8092000
2014-12-24,113.66000366210938,114.13999938964844,112.06999969482422,113.47000122070312,80.8905029296875,4536500
2014-12-26,113.93000030517578,114.3499984741211,112.81999969482422,113.25,80.7336654663086,4380400
2014-12-29,113.44000244140625,114.37999725341797,112.77999877929688,113.31999969482422,80.78358459472656,6043000
2014-12-30,112.93000030517578,113.6500015258789,112.1500015258789,113.11000061035156,80.63388061523438,5659500
2014-12-31,111.6500015258789,113.30999755859375,111.52999877929688,112.18000030517578,79.97088623046875,6411800
2015-01-02,111.62999725341797,113.0,110.8499984741211,112.58000183105469,80.25605010986328,5898800
2015-01-05,110.95999908447266,111.19999694824219,107.44000244140625,108.08000183105469,77.04808807373047,11758100
2015-01-06,107.87000274658203,109.0199966430664,106.4800033569336,108.02999877929688,77.0124282836914,11591600
2015-01-07,109.25,109.7300033569336,107.51000213623047,107.94000244140625,76.94828033447266,10353800
2015-01-08,109.19000244140625,110.44000244140625,108.5999984741211,110.41000366210938,78.7090835571289,8650800
2015-01-09,110.13999938964844,110.22000122070312,107.66999816894531,108.20999908447266,77.14077758789062,9584500
2015-01-12,107.47000122070312,107.47000122070312,105.55999755859375,105.87999725341797,75.47974395751953,8912300
2015-01-13,106.91999816894531,107.66000366210938,103.19000244140625,104.19999694824219,74.2821273803711,13277700
2015-01-14,103.19999694824219,104.41000366210938,101.83000183105469,103.9000015258789,74.06824493408203,14116900
2015-01-15,104.41000366210938,104.94000244140625,102.52999877929688,102.66999816894531,73.19139862060547,9664600
2015-01-16,102.47000122070312,105.13999938964844,102.47000122070312,105.12000274658203,74.93795776367188,12604600
2015-01-20,104.55999755859375,106.58000183105469,103.80999755859375,106.47000122070312,75.90035247802734,10406800
2015-01-21,106.79000091552734,108.2699966430664,106.3499984741211,108.16000366210938,77.10511779785156,8271000
2015-01-22,108.76000213623047,109.12000274658203,106.98999786376953,108.91999816894531,77.64691925048828,7471100
2015-01-23,108.22000122070312,108.75,106.7300033569336,106.8499984741211,76.17125701904297,7984400
2015-01-26,107.22000122070312,109.3499984741211,106.31999969482422,108.87999725341797,77.61839294433594,7670500
2015-01-27,108.11000061035156,108.80999755859375,107.62999725341797,108.26000213623047,77.17640686035156,6388700
2015-01-28,108.16000366210938,108.16999816894531,103.41999816894531,103.70999908447266,73.93279266357422,10526500
2015-01-29,104.23999786376953,104.62999725341797,101.66000366210938,103.0,73.42667388916016,13994400
2015-01-30,101.5999984741211,103.27999877929688,98.87999725341797,102.52999877929688,73.09159088134766,20584700
2015-02-02,103.9800033569336,106.12999725341797,102.97000122070312,106.05999755859375,75.60806274414062,11537600
2015-02-03,107.69999694824219,110.11000061035156,107.66999816894531,109.52999877929688,78.08177185058594,14266700
2015-02-04,108.48999786376953,109.27999877929688,107.38999938964844,108.3499984741211,77.24054718017578,10176000
2015-02-05,109.56999969482422,110.11000061035156,108.56999969482422,109.30999755859375,77.92493438720703,7533300
2015-02-06,109.66000366210938,110.45999908447266,109.11000061035156,109.61000061035156,78.13880157470703,7655500
2015-02-09,109.83999633789062,111.5,109.6500015258789,110.43000030517578,78.72335815429688,6403000
2015-02-10,110.5199966430664,110.62000274658203,108.08999633789062,110.18000030517578,78.54512023925781,7033700
2015-02-11,108.9800033569336,110.18000030517578,108.29000091552734,109.9800033569336,78.4025650024414,8662000
2015-02-12,110.27999877929688,111.05000305175781,109.81999969482422,110.86000061035156,79.80630493164062,6618000
2015-02-13,111.3499984741211,112.83999633789062,111.0999984741211,112.77999877929688,81.18852996826172,7494400
2015-02-17,112.30999755859375,112.93000030517578,111.5199966430664,112.4000015258789,80.91494750976562,7097300
2015-02-18,111.25,111.6500015258789,110.37000274658203,110.44000244140625,79.50398254394531,6920300
2015-02-19,108.19999694824219,109.58000183105469,107.23999786376953,108.3499984741211,77.9994125366211,9721100
2015-02-20,108.43000030517578,108.87000274658203,107.5,108.5999984741211,78.17938232421875,7610600
2015-02-23,107.79000091552734,108.5,107.3499984741211,107.86000061035156,77.64669036865234,6724000
2015-02-24,107.88999938964844,108.23999786376953,107.33999633789062,107.95999908447266,77.71866607666016,5708400
2015-02-25,108.12000274658203,108.77999877929688,107.76000213623047,108.58000183105469,78.16498565673828,4806500
2015-02-26,107.88999938964844,107.91999816894531,106.5999984741211,107.05999755859375,77.07075500488281,5903100
2015-02-27,107.5199966430664,107.7300033569336,106.56999969482422,106.68000030517578,76.79722595214844,6396500
2015-03-02,106.31999969482422,106.33999633789062,104.93000030517578,105.9000015258789,76.23570251464844,7343700
2015-03-03,105.87999725341797,106.22000122070312,104.80999755859375,105.16000366210938,75.70297241210938,6901200
2015-03-04,105.63999938964844,105.63999938964844,104.44000244140625,105.16000366210938,75.70297241210938,5784900
2015-03-05,105.01000213623047,105.30999755859375,104.33000183105469,104.7300033569336,75.39344024658203,5156900
2015-03-06,104.22000122070312,104.5199966430664,103.16999816894531,103.55000305175781,74.54398345947266,7213300
2015-03-09,103.5999984741211,105.62999725341797,103.5,103.94999694824219,74.83192443847656,7506200
2015-03-10,103.79000091552734,104.55000305175781,102.33000183105469,102.91000366210938,74.08326721191406,10679000
2015-03-11,103.5199966430664,103.88999938964844,102.44999694824219,103.54000091552734,74.53678131103516,8440700
2015-03-12,104.22000122070312,104.51000213623047,102.30000305175781,102.41999816894531,73.73052978515625,5900600
2015-03-13,101.83999633789062,101.83999633789062,100.66000366210938,101.62000274658203,73.15461730957031,8345200
2015-03-16,101.44000244140625,103.2699966430664,101.0,103.12999725341797,74.24163818359375,6780200
2015-03-17,102.30000305175781,103.55000305175781,102.0999984741211,103.16999816894531,74.27041625976562,7097500
2015-03-18,102.61000061035156,106.87999725341797,102.37000274658203,106.69999694824219,76.81160736083984,11059700
2015-03-19,105.0999984741211,105.4000015258789,104.6500015258789,104.75,75.40785217285156,7841900
2015-03-20,105.29000091552734,107.26000213623047,105.11000061035156,107.02999877929688,77.04918670654297,14064900
2015-03-23,107.51000213623047,107.69000244140625,105.91999816894531,105.91999816894531,76.25010681152344,6807700
2015-03-24,105.91999816894531,106.19000244140625,104.16000366210938,104.19999694824219,75.01192474365234,6677800
2015-03-25,104.66000366210938,106.19999694824219,104.33000183105469,105.66999816894531,76.07014465332031,9169400
2015-03-26,106.27999877929688,106.5199966430664,104.16000366210938,105.25,75.76778411865234,7276900
2015-03-27,104.98999786376953,104.98999786376953,103.66999816894531,104.27999877929688,75.06949615478516,5830300
2015-03-30,104.97000122070312,107.20999908447266,104.97000122070312,106.9000015258789,76.95559692382812,7172400
2015-03-31,105.62000274658203,106.06999969482422,104.87999725341797,104.9800033569336,75.57340240478516,7254100
2015-04-01,105.7699966430664,106.22000122070312,104.5,104.79000091552734,75.43663787841797,7347200
2015-04-02,104.44999694824219,105.68000030517578,104.08000183105469,105.27999877929688,75.78937530517578,5123900
2015-04-06,106.02999877929688,107.86000061035156,105.22000122070312,106.91999816894531,76.96998596191406,6724000
2015-04-07,106.97000122070312,109.08999633789062,106.62000274658203,108.54000091552734,78.1362075805664,8536000
2015-04-08,108.86000061035156,108.91999816894531,106.5199966430664,106.66000366210938,76.78280639648438,7894800
2015-04-09,106.80000305175781,107.23999786376953,106.18000030517578,106.94999694824219,76.9915771484375,5760500
2015-04-10,107.47000122070312,107.66000366210938,106.80999755859375,106.91000366210938,76.96279907226562,5012200
2015-04-13,107.3499984741211,107.9000015258789,106.44000244140625,106.5,76.66764068603516,4307200
2015-04-14,107.69999694824219,109.08999633789062,107.26000213623047,108.83999633789062,78.35215759277344,7262700
2015-04-15,109.58999633789062,110.69000244140625,109.37999725341797,110.41000366210938,79.48237609863281,6704000
2015-04-16,109.9000015258789,110.94000244140625,109.0,110.16000366210938,79.30242156982422,5904200
2015-04-17,109.36000061035156,109.69000244140625,108.26000213623047,109.11000061035156,78.54653930664062,6548700
2015-04-20,109.56999969482422,111.70999908447266,109.55000305175781,110.29000091552734,79.3960189819336,7148800
2015-04-21,110.05000305175781,110.73999786376953,109.30999755859375,109.7300033569336,78.99286651611328,5674900
2015-04-22,110.05000305175781,110.44000244140625,109.20999908447266,109.5,78.8272933959961,5643100
2015-04-23,110.0,110.6500015258789,109.5999984741211,109.97000122070312,79.16564178466797,6940000
2015-04-24,109.66999816894531,110.04000091552734,109.02999877929688,109.87000274658203,79.09363555908203,4995000
2015-04-27,110.33999633789062,110.73999786376953,109.54000091552734,109.69999694824219,78.97125244140625,4858700
2015-04-28,110.05000305175781,111.23999786376953,109.6500015258789,111.12000274658203,79.99351501464844,5321600
2015-04-29,110.81999969482422,111.98999786376953,110.68000030517578,111.7300033569336,80.43264770507812,5665800
2015-04-30,112.04000091552734,112.19999694824219,110.44000244140625,111.05999755859375,79.9502944946289,6666800
2015-05-01,110.27999877929688,110.80000305175781,108.33999633789062,109.04000091552734,78.49613952636719,10362700
2015-05-04,109.37999725341797,109.41000366210938,107.98999786376953,108.31999969482422,77.97784423828125,7660100
2015-05-05,109.23999786376953,109.93000030517578,108.0,108.0,77.74747467041016,6463300
2015-05-06,109.23999786376953,109.52999877929688,107.30000305175781,107.94999694824219,77.71146392822266,5820400
2015-05-07,107.69000244140625,108.19999694824219,106.69000244140625,107.56999969482422,77.43790435791016,5798300
2015-05-08,108.29000091552734,108.80000305175781,107.4000015258789,108.6500015258789,78.21540832519531,7078900
2015-05-11,108.6500015258789,108.69000244140625,107.30000305175781,107.36000061035156,77.28672790527344,6003600
2015-05-12,107.44000244140625,108.0,107.0999984741211,107.55999755859375,77.43070220947266,5026500
2015-05-13,107.9800033569336,108.47000122070312,107.30000305175781,107.69999694824219,77.53148651123047,5517600
2015-05-14,108.0199966430664,109.30000305175781,108.0199966430664,108.44999694824219,78.07142639160156,9751700
2015-05-15,107.20999908447266,108.33000183105469,106.94000244140625,108.02999877929688,78.54398345947266,5641600
2015-05-18,107.5,107.51000213623047,106.58000183105469,106.6500015258789,77.54066467285156,6390600
2015-05-19,106.05000305175781,106.30999755859375,105.0,105.0199966430664,76.35556030273438,7927600
2015-05-20,105.41999816894531,105.9000015258789,104.76000213623047,105.25,76.52277374267578,6521200
2015-05-21,105.97000122070312,106.2699966430664,105.30000305175781,105.48999786376953,76.69725799560547,6549300
2015-05-22,105.08999633789062,105.55000305175781,104.86000061035156,104.88999938964844,76.26103973388672,4717200
2015-05-26,104.22000122070312,104.44000244140625,102.93000030517578,103.29000091552734,75.09774017333984,8010200
2015-05-27,103.19999694824219,103.77999877929688,102.7300033569336,103.11000061035156,74.96686553955078,5857500
2015-05-28,102.95999908447266,103.41999816894531,102.37999725341797,103.23999786376953,75.06139373779297,5099900
2015-05-29,103.13999938964844,103.56999969482422,102.66999816894531,103.0,74.88691711425781,6673400
2015-06-01,103.47000122070312,103.75,102.48999786376953,102.62999725341797,74.61788177490234,5412400
2015-06-02,102.6500015258789,103.11000061035156,102.11000061035156,102.58000183105469,74.58154296875,5040000
2015-06-03,102.4000015258789,103.37999725341797,102.12000274658203,102.16999816894531,74.28343200683594,5175700
2015-06-04,101.88999938964844,102.37000274658203,100.9800033569336,101.38999938964844,73.71633911132812,6896400
2015-06-05,101.18000030517578,103.0999984741211,100.98999786376953,101.58999633789062,73.86174011230469,6080900
2015-06-08,101.29000091552734,101.38999938964844,99.94999694824219,100.41999816894531,73.01109313964844,8213900
2015-06-09,100.69999694824219,101.25,100.22000122070312,100.41999816894531,73.01109313964844,7157000
2015-06-10,102.5199966430664,102.58000183105469,101.5199966430664,101.83000183105469,74.03624725341797,7588400
2015-06-11,101.87000274658203,102.19999694824219,100.94000244140625,101.12000274658203,73.52003479003906,5582900
2015-06-12,100.5199966430664,100.69000244140625,99.62999725341797,99.87000274658203,72.61119842529297,6475500
2015-06-15,99.44999694824219,100.05999755859375,99.12999725341797,99.29000091552734,72.18951416015625,6178100
2015-06-16,99.19999694824219,100.44999694824219,98.80999755859375,100.04000091552734,72.73481750488281,8763700
2015-06-17,100.83000183105469,101.16999816894531,99.5199966430664,99.76000213623047,72.53124237060547,8231100
2015-06-18,100.26000213623047,100.9000015258789,100.1500015258789,100.25,72.88750457763672,7168000
2015-06-19,99.72000122070312,100.16999816894531,99.45999908447266,99.47000122070312,72.32039642333984,10512000
2015-06-22,99.83000183105469,100.37000274658203,99.37000274658203,100.29000091552734,72.91659545898438,6416100
2015-06-23,99.95999908447266,100.43000030517578,99.54000091552734,100.08999633789062,72.77115631103516,5697900
2015-06-24,99.9800033569336,100.68000030517578,99.2699966430664,99.2699966430664,72.17495727539062,7451900
2015-06-25,99.44999694824219,99.66000366210938,98.29000091552734,98.33999633789062,71.49880981445312,6062800
2015-06-26,98.23999786376953,98.69000244140625,97.80999755859375,98.5999984741211,71.68785095214844,10015500
2015-06-29,97.5,97.95999908447266,96.5999984741211,96.69000244140625,70.29917907714844,8764600
2015-06-30,97.44999694824219,97.66000366210938,96.22000122070312,96.47000122070312,70.13922119140625,9925400
2015-07-01,96.30000305175781,96.62000274658203,95.55000305175781,96.08999633789062,69.86292266845703,7295300
2015-07-02,96.36000061035156,96.66999816894531,95.72000122070312,95.87000274658203,69.70299530029297,6419100
2015-07-06,95.05999755859375,95.55999755859375,94.4800033569336,94.7699966430664,68.9032211303711,8341600
2015-07-07,94.41000366210938,95.4800033569336,93.5,95.2699966430664,69.26673889160156,11774900
2015-07-08,94.58999633789062,95.08999633789062,93.26000213623047,93.55999755859375,68.02348327636719,7719100
2015-07-09,94.9000015258789,95.20999908447266,93.76000213623047,93.77999877929688,68.18342590332031,7909000
2015-07-10,94.52999877929688,94.94999694824219,94.06999969482422,94.41000366210938,68.64148712158203,5631900
2015-07-13,94.30999755859375,94.88999938964844,94.1500015258789,94.5999984741211,68.77962493896484,5038800
2015-07-14,94.4000015258789,95.79000091552734,94.38999938964844,95.55000305175781,69.47032165527344,5218600
2015-07-15,95.04000091552734,95.69999694824219,93.88999938964844,94.23999786376953,68.51788330078125,6490400
2015-07-16,94.27999877929688,94.7300033569336,93.9000015258789,94.4800033569336,68.69236755371094,6422700
2015-07-17,94.2300033569336,94.38999938964844,92.9000015258789,93.1500015258789,67.72538757324219,8214200
2015-07-20,93.30000305175781,93.48999786376953,92.58999633789062,92.94000244140625,67.57269287109375,6018100
2015-07-21,93.0,94.13999938964844,93.0,93.9000015258789,68.27067565917969,7043100
2015-07-22,93.51000213623047,94.33000183105469,93.29000091552734,93.51000213623047,67.98712921142578,9327500
2015-07-23,93.56999969482422,94.06999969482422,92.69999694824219,92.94000244140625,67.57269287109375,7360700
2015-07-24,92.77999877929688,92.77999877929688,90.3499984741211,90.5999984741211,65.87136840820312,11158400
2015-07-27,89.86000061035156,90.08999633789062,88.73999786376953,89.13999938964844,64.80989074707031,10342700
2015-07-28,89.44999694824219,92.69000244140625,89.43000030517578,92.4000015258789,67.18009948730469,11536900
2015-07-29,91.9800033569336,93.4000015258789,91.44000244140625,93.25,67.79808807373047,9821500
2015-07-30,93.44999694824219,93.80999755859375,92.75,93.02999877929688,67.63814544677734,6435700
2015-07-31,91.5199966430664,91.75,88.01000213623047,88.4800033569336,64.33003234863281,19063400
2015-08-03,87.27999877929688,87.33000183105469,85.31999969482422,85.5999984741211,62.23610305786133,14142200
2015-08-04,85.73999786376953,86.9000015258789,84.68000030517578,85.20999908447266,61.952545166015625,8537200
2015-08-05,85.44000244140625,86.0,83.87000274658203,84.02999877929688,61.0946159362793,11254600
2015-08-06,83.55999755859375,85.58000183105469,82.88999938964844,85.19000244140625,61.938018798828125,9805000
2015-08-07,84.70999908447266,85.26000213623047,83.43000030517578,83.75,60.89104080200195,7422000
2015-08-10,84.19999694824219,86.0999984741211,83.87999725341797,85.88999938964844,62.44696044921875,8342000
2015-08-11,84.37999725341797,85.9800033569336,83.5999984741211,85.77999877929688,62.36697006225586,9797400
2015-08-12,85.0,87.11000061035156,84.91999816894531,86.79000091552734,63.1013069152832,11316300
2015-08-13,86.02999877929688,86.33999633789062,85.44999694824219,85.8499984741211,62.417877197265625,9562400
2015-08-14,85.77999877929688,86.41999816894531,85.29000091552734,85.98999786376953,62.5196533203125,7748900
2015-08-17,84.45999908447266,84.51000213623047,83.11000061035156,83.2300033569336,61.27546691894531,12602500
2015-08-18,83.08000183105469,83.7699966430664,82.81999969482422,83.44000244140625,61.4300422668457,9093400
2015-08-19,82.87000274658203,82.91000366210938,80.66999816894531,80.91000366210938,59.56742477416992,13129000
2015-08-20,80.66000366210938,81.29000091552734,79.23999786376953,79.23999786376953,58.337947845458984,11857200
2015-08-21,78.87000274658203,79.58999633789062,75.70999908447266,75.76000213623047,55.77589797973633,18383600
2015-08-24,70.55000305175781,75.37999725341797,69.58000183105469,72.12000274658203,53.0960578918457,24191900
2015-08-25,74.93000030517578,75.0199966430664,69.83999633789062,70.0199966430664,51.55000305175781,21128000
2015-08-26,71.72000122070312,73.0999984741211,70.94999694824219,73.08999633789062,53.8101921081543,17400400
2015-08-27,75.0,78.12000274658203,74.55999755859375,77.63999938964844,57.15998458862305,21539600
2015-08-28,77.72000122070312,81.19999694824219,77.58000183105469,80.43000030517578,59.214054107666016,23735400
2015-08-31,80.01000213623047,81.08000183105469,77.91999816894531,80.98999786376953,59.62631607055664,16880400
2015-09-01,78.76000213623047,79.38999938964844,77.5199966430664,78.19000244140625,57.56492233276367,17954200
2015-09-02,79.75,79.75,77.2300033569336,78.05999755859375,57.469200134277344,14255900
2015-09-03,78.69999694824219,79.41999816894531,77.69000244140625,78.26000213623047,57.616432189941406,12282600
2015-09-04,77.30000305175781,77.62999725341797,76.44999694824219,76.66999816894531,56.44584274291992,11210000
2015-09-08,77.52999877929688,77.55999755859375,76.23999786376953,76.83999633789062,56.57100296020508,9316500
2015-09-09,77.43000030517578,78.19999694824219,74.75,74.91999816894531,55.157470703125,11297400
2015-09-10,75.7300033569336,75.80000305175781,74.30999755859375,75.66000366210938,55.7022819519043,11475200
2015-09-11,75.94000244140625,76.25,75.08999633789062,75.79000091552734,55.7979850769043,11032100
2015-09-14,75.5199966430664,76.0,74.95999908447266,75.7699966430664,55.78324890136719,10235500
2015-09-15,76.43000030517578,77.69000244140625,76.20999908447266,77.16999816894531,56.81396484375,11678100
2015-09-16,77.81999969482422,79.20999908447266,77.7699966430664,79.0199966430664,58.17596435546875,12593500
2015-09-17,79.12000274658203,80.47000122070312,78.5999984741211,79.41000366210938,58.46308898925781,12324300
2015-09-18,77.91000366210938,78.69999694824219,76.97000122070312,77.73999786376953,57.23359298706055,18635900
2015-09-21,78.30000305175781,78.7300033569336,77.83999633789062,78.08999633789062,57.49128341674805,8523500
2015-09-22,76.83999633789062,77.69000244140625,76.48999786376953,77.25,56.872859954833984,9692300
2015-09-23,77.4000015258789,77.52999877929688,75.76000213623047,76.12000274658203,56.04093933105469,9043000
2015-09-24,75.44999694824219,77.30999755859375,75.0999984741211,76.88999938964844,56.60781478881836,10302600
2015-09-25,77.87000274658203,78.16000366210938,76.91999816894531,77.69999694824219,57.204139709472656,10862600
2015-09-28,76.66000366210938,76.93000030517578,75.75,75.7699966430664,55.78324890136719,10567000
2015-09-29,76.04000091552734,76.66000366210938,75.27999877929688,76.25,56.13665008544922,8797800
2015-09-30,77.1500015258789,79.0199966430664,77.0,78.87999725341797,58.07289505004883,14108800
2015-10-01,79.72000122070312,80.88999938964844,77.80999755859375,78.33999633789062,57.675331115722656,11111900
2015-10-02,77.73999786376953,81.55000305175781,77.30999755859375,81.55000305175781,60.03859329223633,13051900
2015-10-05,82.41000366210938,84.19000244140625,82.3499984741211,84.02999877929688,61.86441421508789,14196800
2015-10-06,84.18000030517578,87.62999725341797,84.06999969482422,86.98999786376953,64.04363250732422,18897100
2015-10-07,88.25,89.51000213623047,86.27999877929688,88.12000274658203,64.87555694580078,17670500
2015-10-08,87.88999938964844,90.13999938964844,87.80000305175781,89.91000366210938,66.19339752197266,11299100
2015-10-09,90.19999694824219,90.4000015258789,88.66999816894531,89.56999969482422,65.9430923461914,10011100
2015-10-12,89.86000061035156,89.9800033569336,87.87000274658203,88.73999786376953,65.33201599121094,7917500
2015-10-13,87.80000305175781,88.94000244140625,87.29000091552734,88.37999725341797,65.06697082519531,8012500
2015-10-14,88.2300033569336,89.97000122070312,87.70999908447266,89.76000213623047,66.08295440673828,9734500
2015-10-15,89.6500015258789,90.87000274658203,88.44000244140625,90.72000122070312,66.78970336914062,8960400
2015-10-16,91.55000305175781,91.66000366210938,90.0199966430664,91.29000091552734,67.20936584472656,7821200
2015-10-19,90.36000061035156,90.54000091552734,89.22000122070312,90.02999877929688,66.28173065185547,8900400
2015-10-20,89.5,90.48999786376953,89.38999938964844,89.98999786376953,66.25228118896484,8221100
2015-10-21,89.44000244140625,90.62999725341797,89.13999938964844,89.33000183105469,65.7663803100586,7423400
2015-10-22,89.73999786376953,91.80999755859375,89.73999786376953,91.62000274658203,67.45232391357422,8971700
2015-10-23,90.75,91.93000030517578,90.08999633789062,91.23999786376953,67.17255401611328,8134800
2015-10-26,90.87000274658203,90.87999725341797,88.58000183105469,88.7699966430664,65.35408782958984,8606600
2015-10-27,87.7300033569336,87.95999908447266,86.73999786376953,87.69999694824219,64.56633758544922,9328800
2015-10-28,88.20999908447266,90.12000274658203,87.91999816894531,89.79000091552734,66.10505676269531,8236500
2015-10-29,89.31999969482422,90.93000030517578,89.13999938964844,89.88999938964844,66.17864990234375,6686000
2015-10-30,91.13999938964844,91.9800033569336,89.41000366210938,90.87999725341797,66.90750885009766,11559300
2015-11-02,90.61000061035156,95.27999877929688,90.4800033569336,94.95999908447266,69.9112777709961,14277300
2015-11-03,95.41999816894531,98.63999938964844,95.41999816894531,98.13999938964844,72.25245666503906,17669200
2015-11-04,98.0199966430664,98.0999984741211,96.08000183105469,96.7699966430664,71.24383544921875,11931300
2015-11-05,96.05000305175781,96.55000305175781,94.33000183105469,94.55000305175781,69.60943603515625,11184800
2015-11-06,93.70999908447266,94.06999969482422,91.76000213623047,94.02999877929688,69.22660827636719,9634200
2015-11-09,93.4800033569336,94.44999694824219,92.0999984741211,92.31999969482422,67.96765899658203,7659100
2015-11-10,92.0999984741211,93.5,91.83999633789062,93.2300033569336,68.63763427734375,6823100
2015-11-11,93.38999938964844,93.70999908447266,91.86000061035156,92.19000244140625,67.87195587158203,6085300
2015-11-12,90.75,91.1500015258789,89.25,89.86000061035156,66.15657806396484,8951300
2015-11-13,89.56999969482422,89.97000122070312,88.19000244140625,88.68000030517578,65.287841796875,7676600
2015-11-16,87.79000091552734,91.47000122070312,87.79000091552734,91.44999694824219,68.1494369506836,10101100
2015-11-17,91.2699966430664,92.5,90.69999694824219,91.02999877929688,67.83647155761719,7575800
2015-11-18,91.44000244140625,92.75,91.02999877929688,92.20999908447266,68.7157974243164,6886900
2015-11-19,92.02999877929688,92.37000274658203,90.43000030517578,90.83000183105469,67.68742370605469,6096700
2015-11-20,90.63999938964844,91.30999755859375,88.80999755859375,89.01000213623047,66.33112335205078,8561400
2015-11-23,88.6500015258789,90.44000244140625,88.11000061035156,90.01000213623047,67.07636260986328,6889600
2015-11-24,90.19000244140625,92.30000305175781,89.80000305175781,91.3499984741211,68.07493591308594,8549000
2015-11-25,90.70999908447266,91.31999969482422,90.16000366210938,90.87000274658203,67.71722412109375,5419300
2015-11-27,90.25,90.83999633789062,90.05000305175781,90.37000274658203,67.34461212158203,2547800
2015-11-30,90.63999938964844,91.95999908447266,90.44000244140625,91.31999969482422,68.05255889892578,12179400
2015-12-01,90.97000122070312,92.6500015258789,90.97000122070312,92.4800033569336,68.9170150756836,6975500
2015-12-02,92.5999984741211,92.69000244140625,90.02999877929688,90.25,67.25518798828125,11830700
2015-12-03,90.80999755859375,91.41999816894531,88.36000061035156,88.8499984741211,66.2118911743164,10996800
2015-12-04,87.9000015258789,89.81999969482422,86.48999786376953,89.70999908447266,66.85276794433594,13170200
2015-12-07,87.4800033569336,87.94000244140625,84.9000015258789,87.27999877929688,65.04190826416016,15378900
2015-12-08,85.80999755859375,88.0,84.25,86.44000244140625,64.41593170166016,13397500
2015-12-09,86.66999816894531,90.13999938964844,86.30000305175781,87.5999984741211,65.2803726196289,14675800
2015-12-10,88.0,90.45999908447266,87.61000061035156,89.30000305175781,66.54722595214844,14534800
2015-12-11,87.8499984741211,87.91000366210938,86.08999633789062,86.44000244140625,64.41593170166016,13186900
2015-12-14,86.30000305175781,89.58999633789062,85.41000366210938,89.33000183105469,66.5696029663086,12430700
2015-12-15,90.58000183105469,93.4000015258789,90.55000305175781,92.76000213623047,69.12564849853516,19158500
2015-12-16,92.58000183105469,93.81999969482422,90.80999755859375,93.44000244140625,69.63240814208984,16917900
2015-12-17,93.5,94.0,90.4000015258789,90.54000091552734,67.47129821777344,14082500
2015-12-18,90.05999755859375,91.2699966430664,89.30000305175781,89.80999755859375,66.92729187011719,20167200
2015-12-21,90.4000015258789,90.69999694824219,88.20999908447266,89.23999786376953,66.50253295898438,12852300
2015-12-22,89.12000274658203,90.79000091552734,88.30000305175781,90.2699966430664,67.27011108398438,9661700
2015-12-23,92.19999694824219,93.8499984741211,91.56999969482422,93.80999755859375,69.90814208984375,11172800
2015-12-24,93.94999694824219,93.94999694824219,92.01000213623047,92.05000305175781,68.59657287597656,4998700
2015-12-28,90.30999755859375,90.72000122070312,89.69000244140625,90.36000061035156,67.33716583251953,6800000
2015-12-29,91.88999938964844,92.58000183105469,91.06999969482422,91.25,68.00040435791016,6471200
2015-12-30,90.0999984741211,90.9800033569336,89.88999938964844,90.08999633789062,67.13594055175781,5600200
2015-12-31,89.37999725341797,90.86000061035156,89.0199966430664,89.95999908447266,67.0390853881836,6988700
2016-01-04,89.52999877929688,90.11000061035156,87.56999969482422,88.8499984741211,66.2118911743164,11397300
2016-01-05,89.05000305175781,89.6500015258789,87.83999633789062,89.61000061035156,66.77826690673828,7883400
2016-01-06,87.44000244140625,87.77999877929688,85.16000366210938,86.06999969482422,64.14021301269531,14511400
2016-01-07,84.55000305175781,85.75,82.66999816894531,83.0199966430664,61.867305755615234,15368800
2016-01-08,83.38999938964844,83.83999633789062,81.22000122070312,82.12999725341797,61.204078674316406,11891600
2016-01-11,82.8499984741211,82.97000122070312,79.7699966430664,80.7699966430664,60.19060134887695,14366400
2016-01-12,82.19999694824219,82.4000015258789,79.69000244140625,82.1500015258789,61.218994140625,13477500
2016-01-13,83.16000366210938,84.25,80.01000213623047,81.33000183105469,60.60792541503906,15550100
2016-01-14,81.94999694824219,86.16999816894531,80.94999694824219,85.47000122070312,63.69308853149414,16433400
2016-01-15,81.63999938964844,83.80999755859375,80.87000274658203,83.66999816894531,62.351715087890625,17870300
2016-01-19,84.16999816894531,84.75,80.79000091552734,81.51000213623047,60.742061614990234,13155600
2016-01-20,79.9800033569336,80.30999755859375,75.33000183105469,78.9800033569336,58.85668182373047,26151100
2016-01-21,78.80000305175781,81.6500015258789,78.0199966430664,81.05000305175781,60.39926528930664,16107800
2016-01-22,84.45999908447266,85.19000244140625,81.72000122070312,83.54000091552734,62.25482940673828,15724600
2016-01-25,82.29000091552734,84.29000091552734,80.80000305175781,80.88999938964844,60.280025482177734,12370300
2016-01-26,81.97000122070312,84.5,81.3499984741211,84.12000274658203,62.68705749511719,12191400
2016-01-27,83.94999694824219,86.0999984741211,82.36000061035156,83.29000091552734,62.06854248046875,12380600
2016-01-28,85.75,86.69000244140625,83.69999694824219,85.91999816894531,64.02842712402344,13017400
2016-01-29,84.05000305175781,86.70999908447266,82.94999694824219,86.47000122070312,64.43828582763672,20248900
2016-02-01,85.1500015258789,86.08999633789062,84.23999786376953,85.29000091552734,63.55893325805664,10958300
2016-02-02,82.70999908447266,83.04000091552734,80.95999908447266,81.23999786376953,60.54085922241211,13326200
2016-02-03,82.38999938964844,84.62999725341797,79.8499984741211,84.62000274658203,63.05967330932617,13964100
2016-02-04,84.58999633789062,86.19000244140625,83.83000183105469,84.79000091552734,63.186344146728516,12825000
2016-02-05,83.94000244140625,84.29000091552734,82.26000213623047,82.87999725341797,61.762977600097656,15090100
2016-02-08,81.76000213623047,86.69999694824219,81.0999984741211,85.98999786376953,64.08061218261719,17712800
2016-02-09,85.08000183105469,85.79000091552734,82.16999816894531,82.91999816894531,61.79280471801758,12605600
2016-02-10,82.7699966430664,83.9000015258789,81.5,83.04000091552734,61.882232666015625,12110300
2016-02-11,81.5999984741211,83.66000366210938,80.63999938964844,82.98999786376953,61.8449592590332,12741400
2016-02-12,83.80000305175781,85.58000183105469,83.19999694824219,85.43000030517578,63.66328048706055,9835100
2016-02-16,85.2300033569336,85.38999938964844,83.30999755859375,84.80999755859375,64.00286865234375,10631500
2016-02-17,85.41000366210938,88.66000366210938,85.0199966430664,88.30999755859375,66.64419555664062,12710500
2016-02-18,88.75,89.25,86.61000061035156,86.7300033569336,65.45183563232422,9517800
2016-02-19,86.33000183105469,86.54000091552734,84.80000305175781,86.5,65.27825164794922,9783300
2016-02-22,86.5,89.83999633789062,86.5,88.81999969482422,67.0290756225586,10299900
2016-02-23,88.38999938964844,88.4800033569336,84.69999694824219,84.91000366210938,64.07835388183594,10655800
2016-02-24,83.33000183105469,85.48999786376953,82.9000015258789,85.2699966430664,64.35001373291016,9775200
2016-02-25,85.66999816894531,85.70999908447266,83.73999786376953,85.30000305175781,64.37268829345703,9452600
2016-02-26,86.97000122070312,87.0999984741211,84.27999877929688,84.3499984741211,63.655731201171875,9369900
2016-02-29,84.94000244140625,85.19999694824219,83.06999969482422,83.44000244140625,62.96900939941406,11549600
2016-03-01,84.12000274658203,86.52999877929688,83.37000274658203,86.12999725341797,64.9990463256836,11614700
2016-03-02,85.4000015258789,87.18000030517578,84.4000015258789,87.13999938964844,65.76126098632812,9637600
2016-03-03,87.0,87.56999969482422,86.05000305175781,87.52999877929688,66.0555648803711,8526100
2016-03-04,87.41999816894531,88.62000274658203,86.69999694824219,87.93000030517578,66.357421875,9328600
2016-03-07,87.94000244140625,90.76000213623047,87.55000305175781,90.66999816894531,68.4251937866211,12784300
2016-03-08,90.37999725341797,91.08000183105469,88.33000183105469,88.73999786376953,66.96868896484375,10508400
2016-03-09,89.69999694824219,94.63999938964844,89.47000122070312,92.81999969482422,70.0477294921875,19323100
2016-03-10,92.79000091552734,93.94999694824219,92.0199966430664,93.94000244140625,70.89295196533203,12090900
2016-03-11,94.94999694824219,96.13999938964844,93.37999725341797,94.58000183105469,71.37593841552734,14098800
2016-03-14,93.56999969482422,94.83000183105469,93.08999633789062,94.26000213623047,71.13442993164062,6898900
2016-03-15,93.1500015258789,94.4000015258789,92.25,94.2699966430664,71.1419677734375,7006300
2016-03-16,94.72000122070312,96.13999938964844,93.72000122070312,95.4000015258789,71.9947509765625,9969200
2016-03-17,96.25,97.73999786376953,95.29000091552734,96.88999938964844,73.11920166015625,10679400
2016-03-18,97.8499984741211,97.91000366210938,95.86000061035156,97.69000244140625,73.72293090820312,14436300
2016-03-21,97.0199966430664,97.54000091552734,95.91000366210938,96.44000244140625,72.77960205078125,8040100
2016-03-22,95.75,96.91000366210938,95.31999969482422,95.5,72.07022094726562,7567100
2016-03-23,94.72000122070312,94.80999755859375,93.04000091552734,93.58999633789062,70.6288070678711,10302800
2016-03-24,92.54000091552734,94.94000244140625,92.25,94.8499984741211,71.57967376708984,8159100
2016-03-28,94.9000015258789,95.08000183105469,94.0,94.68000030517578,71.4513931274414,5054000
2016-03-29,93.79000091552734,95.38999938964844,92.94000244140625,95.31999969482422,71.93437957763672,6616600
2016-03-30,96.3499984741211,96.69000244140625,95.16000366210938,95.25,71.88154602050781,6182900
2016-03-31,95.19000244140625,96.19999694824219,94.94999694824219,95.4000015258789,71.9947509765625,5943900
2016-04-01,93.69000244140625,94.77999877929688,93.31999969482422,94.26000213623047,71.13442993164062,7555900
2016-04-04,94.44000244140625,94.4800033569336,93.04000091552734,93.43000030517578,70.50806427001953,6552000
2016-04-05,93.0,93.3499984741211,92.43000030517578,92.66999816894531,69.93453216552734,6662000
2016-04-06,93.1500015258789,95.0,92.81999969482422,94.83999633789062,71.57215881347656,6836400
2016-04-07,94.37000274658203,95.02999877929688,94.08000183105469,94.79000091552734,71.5344009399414,6817700
2016-04-08,96.25,96.87000274658203,95.76000213623047,96.33000183105469,72.69659423828125,7108500
2016-04-11,96.87000274658203,97.30000305175781,95.1500015258789,95.23999786376953,71.8740005493164,6644200
2016-04-12,95.69000244140625,97.94000244140625,95.43000030517578,97.51000213623047,73.58709716796875,8783400
2016-04-13,97.80000305175781,97.91000366210938,97.02999877929688,97.5999984741211,73.65499114990234,6406800
2016-04-14,97.6500015258789,98.2699966430664,97.36000061035156,97.9800033569336,73.94178009033203,6162200
2016-04-15,97.70999908447266,97.80000305175781,96.95999908447266,97.2300033569336,73.37578582763672,6551600
2016-04-18,97.2300033569336,98.76000213623047,95.5199966430664,98.69999694824219,74.48513793945312,7770200
2016-04-19,99.0,100.52999877929688,98.16000366210938,100.5,75.84353637695312,10584800
2016-04-20,100.08000183105469,102.54000091552734,99.83999633789062,101.69000244140625,76.74156188964844,10150500
2016-04-21,101.63999938964844,102.80000305175781,101.11000061035156,101.4000015258789,76.52271270751953,8278600
2016-04-22,101.73999786376953,102.5,101.5,102.01000213623047,76.98307037353516,5754000
2016-04-25,101.47000122070312,101.7699966430664,100.83000183105469,101.51000213623047,76.6057357788086,6612100
2016-04-26,102.05000305175781,102.9800033569336,101.70999908447266,102.29000091552734,77.1943588256836,5650700
2016-04-27,102.9000015258789,103.94000244140625,102.37999725341797,103.8499984741211,78.37165069580078,8383600
2016-04-28,103.12999725341797,104.26000213623047,102.05000305175781,102.4000015258789,77.27737426757812,7598000
2016-04-29,101.13999938964844,102.62999725341797,100.61000061035156,102.18000030517578,77.11135864257812,8826900
2016-05-02,101.83000183105469,103.8499984741211,101.80000305175781,103.30999755859375,77.96411895751953,6844500
2016-05-03,102.26000213623047,102.3499984741211,101.05000305175781,101.31999969482422,76.46234893798828,7033600
2016-05-04,101.05999755859375,102.30000305175781,100.38999938964844,100.58999633789062,75.91144561767578,7444100
2016-05-05,101.8499984741211,102.5999984741211,100.86000061035156,101.41999816894531,76.5378189086914,6474300
2016-05-06,100.83999633789062,102.69999694824219,100.83999633789062,101.86000061035156,76.869873046875,5966800
2016-05-09,101.62000274658203,101.80000305175781,99.08000183105469,100.3499984741211,75.73030853271484,9342100
2016-05-10,100.63999938964844,101.29000091552734,100.41000366210938,101.2699966430664,76.42461395263672,6698100
2016-05-11,101.23999786376953,101.73999786376953,100.1500015258789,101.13999938964844,76.32650756835938,6850700
2016-05-12,102.1500015258789,102.41999816894531,101.08000183105469,102.12000274658203,77.06608581542969,6532400
2016-05-13,101.62999725341797,102.04000091552734,100.36000061035156,100.73999786376953,76.0246353149414,5665200
2016-05-16,101.87000274658203,102.5999984741211,101.4000015258789,102.29000091552734,77.1943588256836,6779400
2016-05-17,101.06999969482422,102.18000030517578,100.33999633789062,100.75,76.83594512939453,7028000
2016-05-18,100.9000015258789,101.2699966430664,99.44000244140625,100.05999755859375,76.30970001220703,5927500
2016-05-19,99.26000213623047,100.08000183105469,98.5199966430664,99.8499984741211,76.14954376220703,6241100
2016-05-20,100.30000305175781,100.4000015258789,99.48999786376953,99.79000091552734,76.10379791259766,4707100
2016-05-23,99.18000030517578,100.12999725341797,99.06999969482422,99.37999725341797,75.7911148071289,4231200
2016-05-24,99.94000244140625,100.76000213623047,99.62000274658203,100.19000244140625,76.4088363647461,4383300
2016-05-25,100.81999969482422,101.9800033569336,100.81999969482422,101.7699966430664,77.61381530761719,5428200
2016-05-26,101.8499984741211,102.37000274658203,100.97000122070312,101.5,77.40791320800781,4147200
2016-05-27,101.37999725341797,102.11000061035156,100.87000274658203,102.0199966430664,77.80448150634766,5008900
2016-05-31,102.1500015258789,102.27999877929688,100.56999969482422,101.0,77.02658081054688,8141800
2016-06-01,100.23999786376953,101.37999725341797,99.88999938964844,101.12999725341797,77.12574005126953,4815200
2016-06-02,100.4000015258789,100.56999969482422,99.72000122070312,100.52999877929688,76.66813659667969,6714100
2016-06-03,100.6500015258789,101.13999938964844,100.0,100.66000366210938,76.76728057861328,4957800
2016-06-06,101.33999633789062,102.04000091552734,100.91999816894531,101.16999816894531,77.1562271118164,5948200
2016-06-07,101.83999633789062,103.69999694824219,101.61000061035156,103.31999969482422,78.79590606689453,9807000
2016-06-08,103.55000305175781,104.08000183105469,102.66999816894531,103.08999633789062,78.62049865722656,6318100
2016-06-09,102.04000091552734,103.12999725341797,102.02999877929688,102.80999755859375,78.40697479248047,4247500
2016-06-10,102.47000122070312,102.97000122070312,101.26000213623047,101.9800033569336,77.77395629882812,8108400
2016-06-13,101.5,103.0999984741211,101.37999725341797,102.0999984741211,77.86548614501953,6360100
2016-06-14,101.76000213623047,102.05000305175781,100.5199966430664,101.27999877929688,77.24012756347656,6924000
2016-06-15,100.62999725341797,101.63999938964844,100.25,100.62999725341797,76.74439239501953,5627000
2016-06-16,99.97000122070312,101.26000213623047,98.7699966430664,101.06999969482422,77.07996368408203,8043000
2016-06-17,101.44000244140625,101.73999786376953,100.4000015258789,101.56999969482422,77.4613037109375,8762200
2016-06-20,102.87999725341797,103.4000015258789,102.5999984741211,102.61000061035156,78.25443267822266,6627000
2016-06-21,102.69000244140625,103.44999694824219,102.2699966430664,103.23999786376953,78.73489379882812,4938700
2016-06-22,103.5,103.55000305175781,102.19000244140625,102.29000091552734,78.01039123535156,4866400
2016-06-23,103.44999694824219,104.44999694824219,103.06999969482422,104.44000244140625,79.65006256103516,5593600
2016-06-24,101.45999908447266,103.01000213623047,101.16999816894531,101.9000015258789,77.71296691894531,11481400
2016-06-27,101.25,101.4000015258789,99.5199966430664,100.36000061035156,76.53852081298828,8248700
2016-06-28,101.22000122070312,102.0,100.63999938964844,101.62999725341797,77.5070571899414,7171100
2016-06-29,102.5199966430664,104.68000030517578,102.30000305175781,103.41999816894531,78.87217712402344,8887500
2016-06-30,103.55999755859375,105.0,103.27999877929688,104.83000183105469,79.94749450683594,7649700
2016-07-01,104.77999877929688,104.87999725341797,103.77999877929688,104.1500015258789,79.42892456054688,6117800
2016-07-05,103.5,103.87000274658203,102.8499984741211,103.56999969482422,78.986572265625,7766600
2016-07-06,103.26000213623047,104.5999984741211,102.45999908447266,104.58000183105469,79.75682830810547,6166900
2016-07-07,104.88999938964844,105.0,102.13999938964844,103.05000305175781,78.59000396728516,7707400
2016-07-08,103.87999725341797,104.97000122070312,103.0,104.7699966430664,79.90172576904297,9043600
2016-07-11,104.80999755859375,106.0,104.80000305175781,105.38999938964844,80.37458038330078,7206100
2016-07-12,106.30000305175781,107.30000305175781,106.18000030517578,106.77999877929688,81.43463897705078,8377200
2016-07-13,106.77999877929688,107.19999694824219,105.86000061035156,106.6500015258789,81.33550262451172,5959900
2016-07-14,107.19999694824219,107.58000183105469,106.43000030517578,106.69999694824219,81.37361907958984,4750900
2016-07-15,107.33000183105469,107.54000091552734,106.38999938964844,107.02999877929688,81.62531280517578,6164300
2016-07-18,106.66999816894531,106.75,106.0199966430664,106.08999633789062,80.9084243774414,4931500
2016-07-19,105.9800033569336,106.2699966430664,105.6500015258789,106.04000091552734,80.87030029296875,4630800
2016-07-20,105.93000030517578,106.12999725341797,105.0,105.58999633789062,80.527099609375,6802000
2016-07-21,105.4000015258789,105.8499984741211,104.87000274658203,105.38999938964844,80.37458038330078,5701000
2016-07-22,105.68000030517578,106.0,105.19999694824219,105.66000366210938,80.58049774169922,5255400
2016-07-25,104.86000061035156,105.11000061035156,102.77999877929688,103.06999969482422,78.60521697998047,7784000
2016-07-26,102.56999969482422,103.16000366210938,102.08000183105469,102.68000030517578,78.30782318115234,6101100
2016-07-27,102.68000030517578,103.31999969482422,101.80000305175781,102.26000213623047,77.98749542236328,5412200
2016-07-28,102.08999633789062,102.22000122070312,100.9800033569336,101.79000091552734,77.62907409667969,8226200
2016-07-29,100.52999877929688,102.66000366210938,99.8499984741211,102.4800033569336,78.1552963256836,10157600
2016-08-01,101.33000183105469,102.0999984741211,98.62000274658203,99.11000061035156,75.58519744873047,11550600
2016-08-02,99.5199966430664,100.06999969482422,97.91000366210938,99.58999633789062,75.9512710571289,9752700
2016-08-03,99.6500015258789,100.63999938964844,99.29000091552734,100.61000061035156,76.7291488647461,6611700
2016-08-04,100.27999877929688,101.08000183105469,100.0,100.38999938964844,76.5613784790039,6088100
2016-08-05,100.98999786376953,101.06999969482422,99.72000122070312,100.51000213623047,76.65290832519531,6710500
2016-08-08,100.98999786376953,101.68000030517578,100.72000122070312,101.19999694824219,77.17909240722656,5447500
2016-08-09,101.8499984741211,102.0,100.7699966430664,101.31999969482422,77.27063751220703,4957300
2016-08-10,101.6500015258789,101.80999755859375,99.94000244140625,100.13999938964844,76.37071228027344,5081300
2016-08-11,100.6500015258789,101.86000061035156,100.38999938964844,101.4000015258789,77.33162689208984,4836600
2016-08-12,101.73999786376953,102.33000183105469,101.26000213623047,102.16000366210938,77.91123962402344,5199000
2016-08-15,102.61000061035156,103.05999755859375,102.41999816894531,102.7699966430664,78.37646484375,4886300
2016-08-16,102.7699966430664,102.93000030517578,102.33000183105469,102.62000274658203,78.26205444335938,5384300
2016-08-17,101.5,102.30000305175781,101.0199966430664,102.22000122070312,78.7784194946289,5311600
2016-08-18,102.62999725341797,103.5999984741211,102.05999755859375,103.55000305175781,79.80341339111328,6944400
2016-08-19,103.06999969482422,103.12999725341797,102.12000274658203,102.31999969482422,78.8554916381836,5057200
2016-08-22,101.75,102.4000015258789,101.23999786376953,101.94000244140625,78.5626220703125,5494900
2016-08-23,102.02999877929688,102.16999816894531,101.5,101.68000030517578,78.36225128173828,4929700
2016-08-24,101.4000015258789,102.29000091552734,101.27999877929688,102.19999694824219,78.76300811767578,5178300
2016-08-25,102.29000091552734,102.29000091552734,101.52999877929688,101.88999938964844,78.52410125732422,4490100
2016-08-26,102.11000061035156,102.4800033569336,100.86000061035156,101.31999969482422,78.08480834960938,4776200
2016-08-29,101.23999786376953,102.2300033569336,101.0,102.05000305175781,78.64739990234375,4026900
2016-08-30,102.05000305175781,102.62999725341797,101.37000274658203,101.69999694824219,78.37763977050781,3712800
2016-08-31,101.19999694824219,101.33000183105469,99.91999816894531,100.58000183105469,77.51451110839844,6249100
2016-09-01,100.3499984741211,100.58000183105469,99.47000122070312,100.20999908447266,77.22935485839844,6045000
2016-09-02,100.88999938964844,101.45999908447266,100.26000213623047,100.93000030517578,77.78426361083984,4676600
2016-09-06,101.20999908447266,102.61000061035156,100.97000122070312,102.43000030517578,78.94026184082031,5429000
2016-09-07,102.75,103.05000305175781,102.23999786376953,102.87999725341797,79.28706359863281,5284300
2016-09-08,103.33999633789062,104.3499984741211,102.47000122070312,104.12000274658203,80.24270629882812,5788800
2016-09-09,103.3499984741211,103.41000366210938,101.2300033569336,101.2699966430664,78.04627990722656,7808700
2016-09-12,101.19999694824219,102.55000305175781,100.56999969482422,102.25,78.8015365600586,8149100
2016-09-13,101.6500015258789,101.6500015258789,99.16999816894531,99.43000030517578,76.62823486328125,9300400
2016-09-14,99.12000274658203,99.94999694824219,98.16999816894531,98.41999816894531,75.8498306274414,8201400
2016-09-15,98.5,100.38999938964844,98.43000030517578,99.5,76.68218231201172,6701600
2016-09-16,98.33000183105469,98.80999755859375,97.52999877929688,97.83999633789062,75.40287017822266,12725600
2016-09-19,98.33000183105469,98.8499984741211,97.98999786376953,98.04000091552734,75.55701446533203,6182000
2016-09-20,98.16999816894531,98.4800033569336,97.68000030517578,97.69999694824219,75.2949447631836,5771900
2016-09-21,98.3499984741211,99.69000244140625,98.25,99.62999725341797,76.78235626220703,6361600
2016-09-22,100.5199966430664,100.75,99.83999633789062,99.9800033569336,77.05211639404297,5416700
2016-09-23,99.33999633789062,100.55000305175781,98.87000274658203,99.22000122070312,76.46640014648438,7396800
2016-09-26,99.48999786376953,100.27999877929688,98.66000366210938,98.77999877929688,76.12728881835938,5781800
2016-09-27,98.23999786376953,99.66000366210938,97.79000091552734,98.9800033569336,76.28143310546875,6476100
2016-09-28,99.5199966430664,102.27999877929688,98.75,102.1500015258789,78.72447204589844,10190900
2016-09-29,102.0,102.2699966430664,100.4800033569336,101.2699966430664,78.04627990722656,8148400
2016-09-30,101.83000183105469,103.5999984741211,101.2300033569336,102.91999816894531,79.31790924072266,9431500
2016-10-03,102.55000305175781,102.83000183105469,101.91000366210938,102.44999694824219,78.95565032958984,4334700
2016-10-04,102.70999908447266,102.91999816894531,100.76000213623047,101.2699966430664,78.04627990722656,6505400
2016-10-05,101.98999786376953,102.87000274658203,101.75,102.2300033569336,78.78610229492188,5912800
2016-10-06,102.31999969482422,102.69999694824219,101.33999633789062,102.18000030517578,78.74759674072266,4362900
2016-10-07,102.5,103.47000122070312,102.19000244140625,102.2699966430664,78.81694793701172,5844500
2016-10-10,103.20999908447266,104.41999816894531,103.20999908447266,103.9800033569336,80.13480377197266,5982700
2016-10-11,103.77999877929688,104.0999984741211,102.68000030517578,103.04000091552734,79.41036987304688,5337300
2016-10-12,102.73999786376953,102.83000183105469,101.5999984741211,102.1500015258789,78.72447204589844,4935100
2016-10-13,101.48999786376953,101.72000122070312,99.61000061035156,100.79000091552734,77.67633819580078,7883000
2016-10-14,101.4800033569336,101.95999908447266,100.61000061035156,101.08000183105469,77.89983367919922,5114700
2016-10-17,100.94000244140625,101.48999786376953,100.62000274658203,101.36000061035156,78.11564636230469,4540800
2016-10-18,101.98999786376953,102.25,101.12000274658203,101.79000091552734,78.44702911376953,4720900
2016-10-19,102.47000122070312,103.69999694824219,102.23999786376953,102.2699966430664,78.81694793701172,5905700
2016-10-20,101.63999938964844,102.22000122070312,100.69000244140625,101.87000274658203,78.50868225097656,4820900
2016-10-21,101.05999755859375,101.55999755859375,100.62999725341797,101.30000305175781,78.06938934326172,5622400
2016-10-24,101.55999755859375,101.58000183105469,100.05999755859375,100.66000366210938,77.57615661621094,6077300
2016-10-25,100.75,101.66999816894531,100.5199966430664,100.7699966430664,77.66092681884766,4730700
2016-10-26,100.31999969482422,101.52999877929688,99.87000274658203,101.19000244140625,77.98463439941406,6353700
2016-10-27,101.51000213623047,101.9800033569336,99.91999816894531,99.91999816894531,77.005859375,9897800
2016-10-28,101.12000274658203,105.02999877929688,100.94999694824219,103.81999969482422,80.01148986816406,17435400
2016-10-31,103.81999969482422,105.45999908447266,103.77999877929688,104.75,80.72822570800781,12340800
2016-11-01,105.51000213623047,106.73999786376953,105.44999694824219,106.4800033569336,82.06151580810547,12755600
2016-11-02,105.6500015258789,106.05000305175781,104.25,105.38999938964844,81.22146606445312,8405200
2016-11-03,105.52999877929688,106.19000244140625,104.94999694824219,105.38999938964844,81.22146606445312,5703200
2016-11-04,105.25,105.48999786376953,104.37999725341797,104.77999877929688,80.75133514404297,7085400
2016-11-07,106.0,106.9800033569336,105.77999877929688,106.8499984741211,82.34663391113281,7333800
2016-11-08,106.56999969482422,108.19000244140625,106.41999816894531,107.29000091552734,82.68572998046875,8050000
2016-11-09,106.04000091552734,108.26000213623047,105.69000244140625,107.63999938964844,82.95545959472656,9161800
2016-11-10,107.54000091552734,108.5,107.23999786376953,107.79000091552734,83.07108306884766,8739500
2016-11-11,107.4800033569336,107.6500015258789,105.94000244140625,106.63999938964844,82.1847915649414,7939500
2016-11-14,106.1500015258789,106.7300033569336,105.58999633789062,106.58999633789062,82.1462631225586,7656000
2016-11-15,107.48999786376953,109.05999755859375,107.4000015258789,108.95999908447266,83.97276306152344,12156500
2016-11-16,108.19999694824219,109.0,107.73999786376953,108.3499984741211,84.33860778808594,7723700
2016-11-17,109.0,110.0999984741211,107.58999633789062,108.12000274658203,84.15957641601562,6638100
2016-11-18,108.56999969482422,109.66999816894531,108.1500015258789,109.19999694824219,85.00023651123047,6815500
2016-11-21,110.36000061035156,111.0,110.06999969482422,110.18000030517578,85.76304626464844,8476800
2016-11-22,110.79000091552734,111.0,109.30999755859375,110.62000274658203,86.10555267333984,6440500
2016-11-23,110.4000015258789,111.47000122070312,110.04000091552734,111.0,86.40132904052734,4472700
2016-11-25,110.54000091552734,111.22000122070312,110.12000274658203,111.0,86.40132904052734,3238600
2016-11-28,110.94999694824219,111.56999969482422,110.37999725341797,110.5,86.01214599609375,6406700
2016-11-29,109.0999984741211,109.72000122070312,108.4000015258789,109.33999633789062,85.1092300415039,7461900
2016-11-30,112.05000305175781,112.9800033569336,111.30000305175781,111.55999755859375,86.8372573852539,17301900
2016-12-01,112.79000091552734,114.91000366210938,112.52999877929688,113.29000091552734,88.1838607788086,11792300
2016-12-02,113.19999694824219,113.80999755859375,112.27999877929688,113.0,87.95814514160156,6167400
2016-12-05,113.38999938964844,114.4800033569336,113.02999877929688,113.25,88.15272521972656,6909800
2016-12-06,112.38999938964844,113.48999786376953,112.20999908447266,112.76000213623047,87.77130889892578,6033600
2016-12-07,113.04000091552734,114.4800033569336,112.81999969482422,114.44000244140625,89.0790023803711,6434100
2016-12-08,114.7300033569336,115.4000015258789,114.19999694824219,115.16999816894531,89.64723205566406,5519700
2016-12-09,114.98999786376953,115.98999786376953,114.97000122070312,115.80999755859375,90.14540100097656,5771600
2016-12-12,117.7699966430664,118.98999786376953,116.56999969482422,117.1500015258789,91.1884536743164,10044700
2016-12-13,117.9000015258789,118.30999755859375,116.02999877929688,117.41999816894531,91.39862060546875,8644200
2016-12-14,116.70999908447266,117.87999725341797,115.76000213623047,115.95999908447266,90.26216125488281,7878400
2016-12-15,115.62999725341797,117.38999938964844,115.36000061035156,117.05000305175781,91.110595703125,7458300
2016-12-16,117.83999633789062,118.58000183105469,117.41999816894531,118.08000183105469,91.91234588623047,13752300
2016-12-19,118.37000274658203,118.44999694824219,117.41999816894531,117.6500015258789,91.57765197753906,5772500
2016-12-20,117.8499984741211,118.62999725341797,117.66999816894531,117.94999694824219,91.81114196777344,4319100
2016-12-21,118.33999633789062,119.0,117.86000061035156,117.91000366210938,91.78001403808594,5024600
2016-12-22,117.94000244140625,118.98999786376953,117.7699966430664,118.7699966430664,92.4494400024414,4992500
2016-12-23,118.41000366210938,118.69999694824219,118.05000305175781,118.41999816894531,92.177001953125,2682900
2016-12-27,118.5,118.9000015258789,118.11000061035156,118.22000122070312,92.02133178710938,2986900
2016-12-28,118.30999755859375,118.86000061035156,117.75,117.91000366210938,91.78001403808594,4086700
2016-12-29,118.01000213623047,118.41999816894531,117.4800033569336,117.81999969482422,91.7099609375,3214500
2016-12-30,117.44000244140625,118.23999786376953,117.30999755859375,117.69999694824219,91.6165542602539,5020500
2017-01-03,118.37999725341797,119.0,116.58999633789062,117.8499984741211,91.73332214355469,7404800
2017-01-04,118.41000366210938,118.6500015258789,117.5999984741211,117.81999969482422,91.7099609375,6679900
2017-01-05,118.0,118.4800033569336,116.72000122070312,117.30999755859375,91.31297302246094,5928600
2017-01-06,117.44999694824219,117.58000183105469,116.37999725341797,116.83999633789062,90.94713592529297,4762500
2017-01-09,116.29000091552734,116.36000061035156,115.11000061035156,115.83999633789062,90.16873931884766,6891800
2017-01-10,115.55999755859375,116.38999938964844,114.88999938964844,114.95999908447266,89.48377990722656,6184400
2017-01-11,115.1500015258789,116.44999694824219,114.86000061035156,115.93000030517578,90.2387924194336,6158200
2017-01-12,116.5,116.98999786376953,115.41000366210938,116.16000366210938,90.41783905029297,4940000
2017-01-13,115.86000061035156,116.87999725341797,115.61000061035156,116.37999725341797,90.58908081054688,4953000
2017-01-17,116.4000015258789,116.7699966430664,116.11000061035156,116.27999877929688,90.5112533569336,4669700
2017-01-18,115.68000030517578,116.04000091552734,115.4000015258789,115.94000244140625,90.24662017822266,4855300
2017-01-19,115.88999938964844,115.95999908447266,115.29000091552734,115.58000183105469,89.96637725830078,3427800
2017-01-20,116.31999969482422,116.75,115.33999633789062,115.5999984741211,89.98192596435547,6730900
2017-01-23,115.12000274658203,115.95999908447266,114.98999786376953,115.38999938964844,89.81847381591797,5104100
2017-01-24,115.8499984741211,117.11000061035156,115.61000061035156,116.37000274658203,90.581298828125,5024400
2017-01-25,116.9000015258789,117.43000030517578,116.33999633789062,117.23999786376953,91.25849914550781,5276800
2017-01-26,117.5,117.81999969482422,116.5,116.55000305175781,90.7214126586914,6937300
2017-01-27,113.52999877929688,114.69999694824219,112.8499984741211,113.79000091552734,88.57304382324219,11698900
2017-01-30,113.1500015258789,113.80000305175781,110.72000122070312,111.81999969482422,87.03961944580078,8252900
2017-01-31,111.88999938964844,112.19999694824219,110.76000213623047,111.3499984741211,86.67378234863281,7951000
2017-02-01,111.19999694824219,111.77999877929688,110.83999633789062,111.0,86.40132904052734,5889300
2017-02-02,111.16999816894531,112.23999786376953,110.70999908447266,112.20999908447266,87.34319305419922,6289000
2017-02-03,112.41000366210938,114.27999877929688,112.13999938964844,113.56999969482422,88.40180206298828,6623500
2017-02-06,113.27999877929688,113.5,112.44999694824219,112.9800033569336,87.94255828857422,5637300
2017-02-07,112.9800033569336,113.0999984741211,111.11000061035156,111.38999938964844,86.70491790771484,6038400
2017-02-08,111.12999725341797,111.79000091552734,110.31999969482422,111.58000183105469,86.85281372070312,5188800
2017-02-09,111.58000183105469,112.62999725341797,111.58000183105469,112.26000213623047,87.38212585449219,4607800
2017-02-10,112.75,113.44999694824219,112.37000274658203,113.05000305175781,87.99703216552734,6194300
2017-02-13,113.36000061035156,113.98999786376953,113.05000305175781,113.91000366210938,88.66645812988281,4858500
2017-02-14,112.68000030517578,113.06999969482422,111.77999877929688,112.5199966430664,88.4228515625,5811200
2017-02-15,112.20999908447266,113.23999786376953,112.20999908447266,112.56999969482422,88.46215057373047,7048100
2017-02-16,112.98999786376953,112.98999786376953,110.43000030517578,110.68000030517578,86.97689819335938,9478200
2017-02-17,110.41999816894531,110.56999969482422,109.2699966430664,110.33000183105469,86.70185089111328,8111000
2017-02-21,110.7300033569336,112.30999755859375,110.5999984741211,111.72000122070312,87.794189453125,6619100
2017-02-22,111.19000244140625,111.77999877929688,110.30999755859375,110.37999725341797,86.74113464355469,5732000
2017-02-23,111.33999633789062,111.83000183105469,110.75,111.0199966430664,87.24408721923828,8659700
2017-02-24,110.9000015258789,111.0199966430664,109.47000122070312,110.12000274658203,86.53682708740234,6189400
2017-02-27,110.6500015258789,112.2699966430664,110.37000274658203,111.75,87.8177490234375,7275800
2017-02-28,111.66000366210938,112.76000213623047,111.48999786376953,112.5,88.4071273803711,7030200
2017-03-01,112.91999816894531,114.38999938964844,112.87999725341797,113.87999725341797,89.49159240722656,7353800
2017-03-02,113.66999816894531,114.2699966430664,113.30999755859375,113.36000061035156,89.08295440673828,5892500
2017-03-03,113.36000061035156,113.88999938964844,113.20999908447266,113.55000305175781,89.2322769165039,4905600
2017-03-06,113.25,113.5,112.66999816894531,113.16999816894531,88.93365478515625,4731900
2017-03-07,113.54000091552734,113.87999725341797,111.69000244140625,111.80999755859375,87.86489868164062,6660300
2017-03-08,111.68000030517578,111.91999816894531,109.4000015258789,109.61000061035156,86.13604736328125,9071600
2017-03-09,109.30999755859375,110.16999816894531,108.51000213623047,110.04000091552734,86.4739761352539,7247400
2017-03-10,111.4000015258789,111.41000366210938,109.44000244140625,110.61000061035156,86.92189025878906,6560300
2017-03-13,110.51000213623047,110.80999755859375,109.30999755859375,109.3499984741211,85.93173217773438,6369300
2017-03-14,108.47000122070312,108.56999969482422,107.12000274658203,107.36000061035156,84.36791229248047,9935700
2017-03-15,108.08000183105469,108.9800033569336,107.54000091552734,108.87999725341797,85.56238555908203,9472100
2017-03-16,108.80999755859375,108.87999725341797,107.44000244140625,107.86000061035156,84.76084899902344,8894700
2017-03-17,108.0,108.41999816894531,107.68000030517578,107.68000030517578,84.61937713623047,14353400
2017-03-20,107.2699966430664,107.8499984741211,107.0199966430664,107.66000366210938,84.6036605834961,5301900
2017-03-21,108.05999755859375,108.2300033569336,107.4000015258789,108.04000091552734,84.90229034423828,7406300
2017-03-22,107.6500015258789,108.8499984741211,107.5199966430664,108.38999938964844,85.17732238769531,8106800
2017-03-23,108.29000091552734,108.86000061035156,107.75,107.87000274658203,84.76870727539062,5451200
2017-03-24,107.93000030517578,108.41999816894531,107.69999694824219,107.98999786376953,84.86298370361328,6339900
2017-03-27,107.0,107.3499984741211,105.81999969482422,106.27999877929688,83.51921844482422,6479400
2017-03-28,106.27999877929688,107.73999786376953,106.12000274658203,107.16999816894531,84.2186050415039,6331500
2017-03-29,106.94999694824219,108.08000183105469,106.87999725341797,108.06999969482422,84.92584991455078,4919900
2017-03-30,108.1500015258789,108.68000030517578,107.19999694824219,107.77999877929688,84.69798278808594,6797700
2017-03-31,107.69999694824219,108.13999938964844,107.05000305175781,107.37000274658203,84.37577056884766,6159000
2017-04-03,107.22000122070312,107.97000122070312,106.37999725341797,107.80000305175781,84.71367645263672,5800900
2017-04-04,107.87999725341797,108.72000122070312,107.01000213623047,108.66000366210938,85.38951110839844,4687400
2017-04-05,109.6500015258789,110.66999816894531,108.55999755859375,108.63999938964844,85.3738021850586,6398800
2017-04-06,109.12000274658203,109.6500015258789,108.75,109.29000091552734,85.88459014892578,3934500
2017-04-07,109.37999725341797,109.58000183105469,108.66999816894531,108.86000061035156,85.54666900634766,4889400
2017-04-10,109.12000274658203,110.19999694824219,108.97000122070312,109.43000030517578,85.99459838867188,4812100
2017-04-11,109.52999877929688,109.54000091552734,108.05999755859375,108.97000122070312,85.63308715820312,3956500
2017-04-12,109.36000061035156,109.36000061035156,108.44999694824219,108.97000122070312,85.63308715820312,5053300
2017-04-13,108.63999938964844,108.73999786376953,105.93000030517578,106.0999984741211,83.37773895263672,6894800
2017-04-17,106.16999816894531,106.4800033569336,105.6500015258789,106.16999816894531,83.43275451660156,5278800
2017-04-18,105.80999755859375,106.68000030517578,105.31999969482422,105.68000030517578,83.04769134521484,4252700
2017-04-19,105.88999938964844,106.13999938964844,103.83000183105469,104.2300033569336,81.9082260131836,6667900
2017-04-20,104.4000015258789,105.69000244140625,104.36000061035156,104.87999725341797,82.41901397705078,4988100
2017-04-21,104.80000305175781,105.43000030517578,104.29000091552734,104.88999938964844,82.4268798828125,5432600
2017-04-24,105.79000091552734,106.41000366210938,105.37000274658203,105.93000030517578,83.24415588378906,4538200
2017-04-25,106.30000305175781,106.97000122070312,106.18000030517578,106.7300033569336,83.87284088134766,4619000
2017-04-26,106.4000015258789,107.4800033569336,105.97000122070312,106.08000183105469,83.36203002929688,6687400
2017-04-27,105.95999908447266,105.9800033569336,104.66999816894531,105.47000122070312,82.88268280029297,5781800
2017-04-28,107.05000305175781,107.5999984741211,105.98999786376953,106.69999694824219,83.84925079345703,6848400
2017-05-01,106.26000213623047,106.7300033569336,105.76000213623047,105.91999816894531,83.23628997802734,4955500
2017-05-02,106.11000061035156,106.52999877929688,105.08999633789062,105.36000061035156,82.79621887207031,5112200
2017-05-03,105.36000061035156,107.26000213623047,105.12999725341797,106.72000122070312,83.86495971679688,5663000
2017-05-04,106.23999786376953,106.33000183105469,104.13999938964844,104.80999755859375,82.36400604248047,8039900
2017-05-05,104.91999816894531,105.88999938964844,104.69999694824219,105.79000091552734,83.1341552734375,5060000
2017-05-08,105.93000030517578,106.72000122070312,105.81999969482422,106.68000030517578,83.83354187011719,5175100
2017-05-09,106.51000213623047,106.75,104.81999969482422,105.08000183105469,82.57620239257812,5024000
2017-05-10,105.81999969482422,106.83000183105469,105.54000091552734,106.5,83.69208526611328,5582800
2017-05-11,107.08000183105469,107.08000183105469,105.62999725341797,106.20999908447266,83.46419525146484,4632100
2017-05-12,106.05999755859375,106.29000091552734,105.4800033569336,105.95999908447266,83.26773071289062,4488200
2017-05-15,107.1500015258789,107.70999908447266,106.68000030517578,106.8499984741211,83.96713256835938,6647500
2017-05-16,107.56999969482422,107.66000366210938,106.94000244140625,107.25,84.28147888183594,5001400
2017-05-17,106.16999816894531,106.2699966430664,104.62000274658203,104.69999694824219,83.11453247070312,6384300
2017-05-18,104.55000305175781,105.68000030517578,103.83999633789062,105.16999816894531,83.48763275146484,5618100
2017-05-19,105.5199966430664,106.5199966430664,105.16999816894531,106.5199966430664,84.5593032836914,8383500
2017-05-22,107.08999633789062,107.08999633789062,105.75,106.12000274658203,84.24177551269531,4491100
2017-05-23,106.06999969482422,106.55999755859375,105.9800033569336,106.2699966430664,84.36083984375,3457100
2017-05-24,106.0999984741211,106.36000061035156,105.7300033569336,106.22000122070312,84.32115173339844,3457200
2017-05-25,106.0999984741211,106.70999908447266,104.72000122070312,105.11000061035156,83.44000244140625,5293800
2017-05-26,105.05000305175781,105.29000091552734,104.5999984741211,104.72000122070312,83.13041687011719,3752500
2017-05-30,104.3499984741211,104.70999908447266,103.75,104.05999755859375,82.60645294189453,4288000
2017-05-31,103.55000305175781,103.88999938964844,103.06999969482422,103.4800033569336,82.14604949951172,8037900
2017-06-01,103.69000244140625,104.27999877929688,103.43000030517578,104.2699966430664,82.773193359375,4769400
2017-06-02,103.81999969482422,103.94000244140625,102.7699966430664,103.11000061035156,81.85233306884766,5864000
2017-06-05,102.80000305175781,103.58000183105469,102.62999725341797,103.19000244140625,81.91583251953125,4523300
2017-06-06,103.11000061035156,104.44999694824219,102.76000213623047,104.16999816894531,82.69378662109375,4683900
2017-06-07,103.97000122070312,104.43000030517578,102.55000305175781,103.7699966430664,82.37628173828125,7197100
2017-06-08,103.7699966430664,104.73999786376953,103.44000244140625,104.0,82.55885314941406,6493600
2017-06-09,104.01000213623047,106.48999786376953,104.01000213623047,106.4000015258789,84.46403503417969,6595600
2017-06-12,106.4000015258789,108.43000030517578,106.4000015258789,108.04000091552734,85.76592254638672,8690600
2017-06-13,108.33999633789062,108.48999786376953,107.16000366210938,108.12999725341797,85.8373794555664,6099700
2017-06-14,107.91000366210938,107.98999786376953,105.73999786376953,106.5999984741211,84.62281799316406,6202300
2017-06-15,106.5,106.80000305175781,105.87000274658203,106.33000183105469,84.40847778320312,5441400
2017-06-16,106.94000244140625,108.36000061035156,106.20999908447266,108.3499984741211,86.01203155517578,11633900
2017-06-19,108.30999755859375,108.37999725341797,107.13999938964844,107.45999908447266,85.30551147460938,4577800
2017-06-20,106.25,106.5999984741211,105.37999725341797,106.4800033569336,84.52754974365234,5171200
2017-06-21,105.88999938964844,106.9000015258789,103.91999816894531,104.48999786376953,82.94781494140625,6989400
2017-06-22,104.4800033569336,105.13999938964844,104.04000091552734,104.44999694824219,82.91606903076172,4197400
2017-06-23,104.25,105.41999816894531,104.23999786376953,105.0,83.3526840209961,5773300
2017-06-26,105.02999877929688,105.19000244140625,104.02999877929688,104.13999938964844,82.66997528076172,3602500
2017-06-27,104.7300033569336,104.88999938964844,104.02999877929688,104.06999969482422,82.61441802978516,4170300
2017-06-28,104.43000030517578,104.9000015258789,104.04000091552734,104.27999877929688,82.78112030029297,4162300
2017-06-29,104.37999725341797,105.1500015258789,104.05000305175781,104.12000274658203,82.65409851074219,4288600
2017-06-30,104.52999877929688,104.72000122070312,103.88999938964844,104.33000183105469,82.82081604003906,5497000
2017-07-03,104.23999786376953,106.95999908447266,104.23999786376953,106.30000305175781,84.38465118408203,4419100
2017-07-05,105.98999786376953,106.30000305175781,104.2699966430664,104.62000274658203,83.05101776123047,4482700
2017-07-06,104.66999816894531,105.12999725341797,103.70999908447266,103.81999969482422,82.41595458984375,5084800
2017-07-07,103.58999633789062,103.76000213623047,102.80999755859375,103.48999786376953,82.15396881103516,6457000
2017-07-10,103.44000244140625,103.58000183105469,102.5999984741211,103.04000091552734,81.79678344726562,4629000
2017-07-11,103.1500015258789,103.5,102.55000305175781,103.12000274658203,81.86028289794922,4322400
2017-07-12,104.0,104.75,103.47000122070312,103.88999938964844,82.47152709960938,3978100
2017-07-13,103.80000305175781,104.20999908447266,103.45999908447266,104.12999725341797,82.66203308105469,4439100
2017-07-14,104.37999725341797,104.63999938964844,103.7300033569336,104.44000244140625,82.90814971923828,3644300
2017-07-17,104.31999969482422,104.97000122070312,104.08000183105469,104.20999908447266,82.72554016113281,5572400
2017-07-18,104.5999984741211,104.5999984741211,103.51000213623047,103.72000122070312,82.3365707397461,4339400
2017-07-19,103.55999755859375,104.4800033569336,103.51000213623047,104.45999908447266,82.92401123046875,4932000
2017-07-20,105.0,105.37000274658203,103.81999969482422,104.62999725341797,83.05895233154297,5367800
2017-07-21,104.18000030517578,104.37999725341797,103.1500015258789,103.25,81.96347045898438,5304100
2017-07-24,103.18000030517578,103.56999969482422,102.91999816894531,103.19999694824219,81.92375946044922,4080400
2017-07-25,104.44999694824219,105.1500015258789,104.31999969482422,104.38999938964844,82.8684310913086,7093800
2017-07-26,104.62999725341797,106.08000183105469,104.19999694824219,105.12000274658203,83.44795227050781,5881400
2017-07-27,104.87999725341797,106.31999969482422,104.61000061035156,106.11000061035156,84.23383331298828,5888400
2017-07-28,106.70999908447266,109.12999725341797,106.36000061035156,108.12000274658203,85.82945251464844,7812600
2017-07-31,108.38999938964844,110.0,108.1500015258789,109.19000244140625,86.67884826660156,7561200
2017-08-01,109.54000091552734,110.97000122070312,109.41999816894531,110.77999877929688,87.94105529785156,8162900
2017-08-02,110.38999938964844,111.19999694824219,109.8499984741211,110.45999908447266,87.68700408935547,6212300
2017-08-03,110.2300033569336,110.44999694824219,109.05000305175781,109.43000030517578,86.8693618774414,5605400
2017-08-04,109.43000030517578,110.19999694824219,109.43000030517578,110.11000061035156,87.40917205810547,4643500
2017-08-07,109.80999755859375,110.29000091552734,109.58000183105469,109.77999877929688,87.14722442626953,4762800
2017-08-08,110.0,110.70999908447266,109.7699966430664,110.3499984741211,87.59968566894531,4107300
2017-08-09,110.73999786376953,111.41000366210938,110.26000213623047,110.88999938964844,88.02836608886719,3966800
2017-08-10,111.2300033569336,111.44000244140625,110.02999877929688,110.11000061035156,87.40917205810547,4950700
2017-08-11,110.19999694824219,110.48999786376953,109.12999725341797,109.2300033569336,86.7105941772461,3383000
2017-08-14,109.26000213623047,109.81999969482422,108.31999969482422,108.70999908447266,86.29781341552734,4286100
2017-08-15,108.75,108.9000015258789,107.52999877929688,108.56999969482422,86.1866683959961,5310700
2017-08-16,107.62999725341797,107.91999816894531,106.69000244140625,106.83999633789062,85.66548156738281,4186600
2017-08-17,106.61000061035156,106.87000274658203,105.91000366210938,105.91999816894531,84.92782592773438,5870300
2017-08-18,105.83999633789062,107.33999633789062,105.5,106.4800033569336,85.37684631347656,5467400
2017-08-21,106.4800033569336,106.4800033569336,105.30000305175781,105.77999877929688,84.81556701660156,3560400
2017-08-22,105.98999786376953,106.91999816894531,105.80999755859375,106.36000061035156,85.2806167602539,5630900
2017-08-23,106.20999908447266,107.05999755859375,106.11000061035156,106.61000061035156,85.4810791015625,4185800
2017-08-24,106.5,107.66999816894531,106.33000183105469,107.44000244140625,86.14656829833984,5059700
2017-08-25,107.81999969482422,108.70999908447266,107.5199966430664,108.2300033569336,86.78001403808594,4384200
2017-08-28,108.54000091552734,108.58999633789062,107.2699966430664,107.76000213623047,86.40316772460938,3681600
2017-08-29,107.43000030517578,108.05000305175781,107.04000091552734,107.86000061035156,86.48332214355469,3230600
2017-08-30,107.58000183105469,107.83999633789062,107.0999984741211,107.7300033569336,86.37910461425781,3126000
2017-08-31,108.0,108.2300033569336,107.5,107.62000274658203,86.29090118408203,5508200
2017-09-01,107.68000030517578,109.16000366210938,107.51000213623047,108.76000213623047,87.2049789428711,3660300
2017-09-05,109.36000061035156,110.26000213623047,108.69999694824219,109.44000244140625,87.75020599365234,5198500
2017-09-06,110.0,112.2300033569336,109.80000305175781,111.79000091552734,89.63446807861328,8577300
2017-09-07,112.18000030517578,112.87000274658203,111.36000061035156,111.80000305175781,89.64248657226562,5937800
2017-09-08,111.58999633789062,111.75,110.52999877929688,110.77999877929688,88.82461547851562,4033100
2017-09-11,111.83000183105469,112.56999969482422,111.5199966430664,112.5199966430664,90.21977233886719,5973400
2017-09-12,112.81999969482422,112.94999694824219,111.86000061035156,112.48999786376953,90.19571685791016,5110100
2017-09-13,112.48999786376953,114.31999969482422,112.27999877929688,114.18000030517578,91.55078887939453,5889400
2017-09-14,114.26000213623047,115.33999633789062,114.18000030517578,114.44999694824219,91.76727294921875,5819100
2017-09-15,114.83000183105469,114.91000366210938,113.62999725341797,114.62999725341797,91.91159057617188,8387600
2017-09-18,114.41999816894531,115.22000122070312,114.31999969482422,115.19000244140625,92.3606185913086,4954600
2017-09-19,115.25,116.41999816894531,115.19000244140625,116.33999633789062,93.28269958496094,6188000
2017-09-20,116.5,117.1500015258789,116.19999694824219,116.37000274658203,93.30675506591797,5378200
2017-09-21,116.22000122070312,116.5199966430664,115.83000183105469,116.47000122070312,93.38693237304688,4334500
2017-09-22,116.41000366210938,117.83000183105469,116.2699966430664,117.29000091552734,94.04441833496094,5307100
2017-09-25,117.2300033569336,118.33000183105469,117.0199966430664,117.98999786376953,94.60568237304688,5980300
2017-09-26,117.79000091552734,118.02999877929688,117.25,117.5199966430664,94.22882843017578,4874700
2017-09-27,117.45999908447266,117.5999984741211,116.7699966430664,117.44999694824219,94.17271423339844,3926800
2017-09-28,117.16999816894531,118.12999725341797,117.0199966430664,117.62000274658203,94.30900573730469,4949000
2017-09-29,117.16999816894531,117.5199966430664,116.7300033569336,117.5,94.21280670166016,4874800
2017-10-02,116.41999816894531,117.79000091552734,115.52999877929688,117.43000030517578,94.15666961669922,4285600
2017-10-03,117.08000183105469,118.25,117.01000213623047,117.81999969482422,94.46939086914062,3892200
2017-10-04,117.81999969482422,117.87000274658203,117.12999725341797,117.58000183105469,94.27693939208984,3443400
2017-10-05,117.44999694824219,118.69000244140625,117.33000183105469,118.58000183105469,95.0787582397461,5470900
2017-10-06,117.94999694824219,118.1500015258789,116.80000305175781,117.02999877929688,93.83594512939453,3533300
2017-10-09,117.33999633789062,118.08000183105469,117.01000213623047,117.70999908447266,94.38117980957031,2951900
2017-10-10,118.4000015258789,119.81999969482422,118.29000091552734,118.80000305175781,95.25516510009766,5683100
2017-10-11,119.20999908447266,119.5199966430664,118.58000183105469,119.33000183105469,95.68010711669922,3926100
2017-10-12,118.48999786376953,119.6500015258789,118.30999755859375,119.13999938964844,95.52776336669922,3929700
2017-10-13,119.79000091552734,120.0,119.06999969482422,119.16000366210938,95.5438003540039,4640100
2017-10-16,119.83999633789062,120.88999938964844,119.43000030517578,120.12999725341797,96.3215560913086,5500700
2017-10-17,120.2300033569336,120.73999786376953,119.83000183105469,120.22000122070312,96.39373779296875,4844300
2017-10-18,119.4000015258789,120.0199966430664,117.98999786376953,118.1500015258789,94.7339859008789,5505100
2017-10-19,118.05999755859375,118.73999786376953,117.94999694824219,118.19999694824219,94.7740478515625,4576600
2017-10-20,118.61000061035156,118.77999877929688,118.06999969482422,118.63999938964844,95.12684631347656,4924300
2017-10-23,118.72000122070312,119.30000305175781,118.44999694824219,118.93000030517578,95.35939025878906,3872400
2017-10-24,119.4800033569336,119.91999816894531,119.06999969482422,119.2300033569336,95.59992980957031,4472400
2017-10-25,119.0,119.44000244140625,118.1500015258789,118.44000244140625,94.96651458740234,4553100
2017-10-26,118.77999877929688,119.0,118.13999938964844,118.44000244140625,94.96651458740234,4092900
2017-10-27,116.12999725341797,116.4000015258789,112.56999969482422,113.54000091552734,91.0376205444336,14534100
2017-10-30,113.16999816894531,115.0999984741211,112.83999633789062,114.38999938964844,91.71916961669922,7517800
2017-10-31,114.44999694824219,116.37999725341797,113.81999969482422,115.88999938964844,92.921875,7154800
2017-11-01,116.30000305175781,116.97000122070312,115.3499984741211,115.9000015258789,92.92989349365234,5030300
2017-11-02,116.20999908447266,116.47000122070312,114.70999908447266,115.33000183105469,92.47286987304688,4329600
2017-11-03,115.4800033569336,115.75,114.7300033569336,114.98999786376953,92.20024871826172,4101800
2017-11-06,115.37000274658203,117.16000366210938,114.98999786376953,117.04000091552734,93.84395599365234,5950300
2017-11-07,117.37999725341797,118.0,116.4800033569336,117.23999786376953,94.00433349609375,5219500
2017-11-08,116.77999877929688,117.1500015258789,115.9000015258789,116.66999816894531,93.54730987548828,5092800
2017-11-09,115.9000015258789,117.5,115.62000274658203,117.23999786376953,94.00433349609375,5103300
2017-11-10,116.70999908447266,117.30999755859375,116.0999984741211,117.18000030517578,93.95623016357422,5156900
2017-11-13,117.22000122070312,117.7699966430664,116.68000030517578,117.2300033569336,93.9963150024414,4279200
2017-11-14,116.81999969482422,117.26000213623047,116.25,116.91999816894531,93.74774169921875,6996500
2017-11-15,116.20999908447266,117.2300033569336,116.06999969482422,116.44999694824219,93.37089538574219,5372600
2017-11-16,115.25,115.81999969482422,114.37999725341797,114.56999969482422,92.72343444824219,5888700
2017-11-17,114.66999816894531,114.98999786376953,113.9000015258789,114.70999908447266,92.83675384521484,4337500
2017-11-20,114.7699966430664,115.02999877929688,114.44000244140625,114.72000122070312,92.84484100341797,4634200
2017-11-21,115.13999938964844,115.86000061035156,114.91999816894531,115.16999816894531,93.20903015136719,4596000
2017-11-22,115.48999786376953,116.77999877929688,115.31999969482422,115.91000366210938,93.80792999267578,3951000
2017-11-24,116.55000305175781,116.8499984741211,116.30999755859375,116.51000213623047,94.29352569580078,1744200
2017-11-27,115.8499984741211,116.02999877929688,115.23999786376953,115.58999633789062,93.54893493652344,4490300
2017-11-28,115.91999816894531,116.80999755859375,115.73999786376953,116.44999694824219,94.24496459960938,4004700
2017-11-29,116.19999694824219,117.25,115.83000183105469,117.18000030517578,94.83576965332031,3661000
2017-11-30,117.26000213623047,119.1500015258789,117.2300033569336,118.98999786376953,96.30062866210938,7896600
2017-12-01,119.80999755859375,120.45999908447266,118.5199966430664,119.51000213623047,96.72147369384766,6831800
2017-12-04,119.80999755859375,122.30000305175781,119.37000274658203,120.83999633789062,97.7978515625,7366400
2017-12-05,120.54000091552734,121.4000015258789,120.1500015258789,120.38999938964844,97.43366241455078,4380700
2017-12-06,119.98999786376953,120.87999725341797,119.5199966430664,119.61000061035156,96.80239868164062,4852500
2017-12-07,119.5,120.0999984741211,118.95999908447266,119.62999725341797,96.8185806274414,4908500
2017-12-08,119.95999908447266,120.23999786376953,119.0999984741211,119.91999816894531,97.05326843261719,4122200
2017-12-11,120.29000091552734,121.11000061035156,120.12000274658203,120.41999816894531,97.45794677734375,5929700
2017-12-12,119.80999755859375,120.73999786376953,119.55999755859375,119.68000030517578,96.85905456542969,4300200
2017-12-13,119.43000030517578,120.16999816894531,118.68000030517578,119.93000030517578,97.0613784790039,4399800
2017-12-14,119.80999755859375,120.27999877929688,119.5,119.52999877929688,96.73764038085938,3736900
2017-12-15,120.44000244140625,120.47000122070312,119.51000213623047,119.7300033569336,96.8995132446289,11226900
2017-12-18,119.91999816894531,121.29000091552734,119.62000274658203,119.69999694824219,96.87523651123047,4654100
2017-12-19,120.31999969482422,120.75,119.51000213623047,119.83999633789062,96.9885482788086,4599300
2017-12-20,120.27999877929688,121.30000305175781,119.6500015258789,120.88999938964844,97.83831024169922,6286700
2017-12-21,121.38999938964844,125.3499984741211,121.06999969482422,124.81999969482422,101.01892852783203,10109000
2017-12-22,124.8499984741211,125.6500015258789,124.56999969482422,124.9800033569336,101.14842987060547,4735100
2017-12-26,125.2300033569336,126.13999938964844,125.05000305175781,125.9800033569336,101.95774841308594,3348500
2017-12-27,125.95999908447266,126.19999694824219,125.12999725341797,125.55000305175781,101.60974884033203,3452300
2017-12-28,125.69000244140625,125.88999938964844,125.29000091552734,125.58000183105469,101.63402557373047,2191800
2017-12-29,125.36000061035156,125.9800033569336,125.19000244140625,125.19000244140625,101.31839752197266,3829000
2018-01-02,125.70999908447266,127.73999786376953,125.54000091552734,127.58000183105469,103.2526626586914,5626000
2018-01-03,127.45999908447266,128.94000244140625,126.9000015258789,128.50999450683594,104.00531768798828,5805500
2018-01-04,127.94999694824219,128.35000610351562,127.22000122070312,128.11000061035156,103.68158721923828,4598300
2018-01-05,127.97000122070312,128.10000610351562,127.0999984741211,127.9000015258789,103.51163482666016,4189200
2018-01-08,127.86000061035156,128.6300048828125,127.62999725341797,128.52999877929688,104.0215072631836,4826100
2018-01-09,128.42999267578125,128.94000244140625,127.79000091552734,127.83999633789062,103.46308135986328,4422300
2018-01-10,128.30999755859375,128.75999450683594,127.80000305175781,128.66000366210938,104.12671661376953,5292200
2018-01-11,128.9199981689453,133.32000732421875,128.75999450683594,132.57000732421875,107.29117584228516,11641300
2018-01-12,132.19000244140625,133.85000610351562,132.11000061035156,133.60000610351562,108.124755859375,7232900
2018-01-16,133.6699981689453,133.8800048828125,131.60000610351562,132.00999450683594,106.83793640136719,6254200
2018-01-17,132.19000244140625,132.8000030517578,130.9600067138672,132.36000061035156,107.12118530273438,5632700
2018-01-18,132.35000610351562,132.5,131.02999877929688,131.58999633789062,106.49800872802734,5890000
2018-01-19,131.8300018310547,132.0,130.2100067138672,131.3000030517578,106.26331329345703,6048900
2018-01-22,131.3000030517578,132.55999755859375,131.27999877929688,132.55999755859375,107.28304290771484,5248800
2018-01-23,132.3800048828125,132.55999755859375,130.72999572753906,131.02000427246094,106.03670501708984,5747300
2018-01-24,131.3800048828125,132.6699981689453,131.07000732421875,131.38999938964844,106.33613586425781,6868200
2018-01-25,131.75999450683594,131.8699951171875,130.33999633789062,130.64999389648438,105.73726654052734,4597200
2018-01-26,130.7100067138672,131.75,130.3699951171875,131.19000244140625,106.1742935180664,6310500
2018-01-29,130.05999755859375,131.5800018310547,128.32000732421875,128.47999572753906,103.98101806640625,6350700
2018-01-30,127.61000061035156,128.00999450683594,125.19000244140625,125.2300033569336,101.35077667236328,8084000
2018-01-31,125.41999816894531,125.81999969482422,124.05000305175781,125.3499984741211,101.44786834716797,9626800
2018-02-01,125.5999984741211,125.62999725341797,124.05999755859375,125.56999969482422,101.62593841552734,7844500
2018-02-02,123.94999694824219,123.94999694824219,117.63999938964844,118.58000183105469,95.96879577636719,13182600
2018-02-05,116.98999786376953,118.30000305175781,108.0199966430664,112.62000274658203,91.14525604248047,15414700
2018-02-06,111.19999694824219,117.62999725341797,110.76000213623047,117.18000030517578,94.83576965332031,18416300
2018-02-07,117.4000015258789,119.2699966430664,115.2300033569336,115.29000091552734,93.30614471435547,11535700
2018-02-08,115.16999816894531,115.88999938964844,112.20999908447266,112.30000305175781,90.88628387451172,9927500
2018-02-09,113.33999633789062,114.62000274658203,109.5,113.5,91.85746765136719,10922400
2018-02-12,114.80000305175781,115.8499984741211,112.91000366210938,113.9800033569336,92.2459487915039,8358200
2018-02-13,113.33999633789062,113.61000061035156,111.86000061035156,113.29000091552734,91.68751525878906,7065900
2018-02-14,112.5,114.05000305175781,111.4000015258789,113.62999725341797,91.96268463134766,7031900
2018-02-15,112.86000061035156,113.0199966430664,110.83999633789062,112.52999877929688,91.97903442382812,5405000
2018-02-16,112.3499984741211,112.94000244140625,111.20999908447266,112.13999938964844,91.66027069091797,5950400
2018-02-20,112.27999877929688,112.76000213623047,110.58000183105469,110.9800033569336,90.71210479736328,6810900
2018-02-21,111.13999938964844,112.05999755859375,109.05999755859375,109.05999755859375,89.14273834228516,6892300
2018-02-22,109.55000305175781,111.44000244140625,108.9000015258789,109.88999938964844,89.82117462158203,8176700
2018-02-23,110.45999908447266,112.73999786376953,110.25,112.58999633789062,92.028076171875,6460200
2018-02-26,113.18000030517578,114.66000366210938,112.8499984741211,114.5999984741211,93.6709976196289,7405800
2018-02-27,114.87000274658203,116.05000305175781,113.61000061035156,113.61000061035156,92.8617935180664,6059700
2018-02-28,115.0199966430664,115.45999908447266,111.87999725341797,111.91999816894531,91.48043823242188,7441000
2018-03-01,111.52999877929688,113.9000015258789,110.97000122070312,112.04000091552734,91.5785140991211,7516700
2018-03-02,111.5,112.18000030517578,109.83000183105469,111.63999938964844,91.25157928466797,6607300
2018-03-05,111.4000015258789,113.33000183105469,111.0199966430664,113.1500015258789,92.48579406738281,7814900
2018-03-06,113.8499984741211,115.5199966430664,113.0199966430664,113.6500015258789,92.89450073242188,7957900
2018-03-07,112.94999694824219,115.08000183105469,112.62999725341797,113.83999633789062,93.04979705810547,6660000
2018-03-08,114.5999984741211,114.75,112.5999984741211,113.3499984741211,92.64927673339844,6095100
2018-03-09,114.30999755859375,117.38999938964844,114.23999786376953,117.22000122070312,95.81250762939453,8833300
2018-03-12,117.5,118.3499984741211,116.55999755859375,116.79000091552734,95.46105194091797,6877000
2018-03-13,117.2300033569336,118.18000030517578,116.0,116.45999908447266,95.1913070678711,6793100
2018-03-14,116.9800033569336,117.44999694824219,114.86000061035156,115.12999725341797,94.10420227050781,5051000
2018-03-15,115.36000061035156,116.20999908447266,114.75,115.58000183105469,94.4720230102539,4519700
2018-03-16,115.4000015258789,116.19000244140625,114.55999755859375,115.4000015258789,94.32489013671875,14909400
2018-03-19,115.06999969482422,115.2300033569336,113.22000122070312,113.88999938964844,93.0906753540039,4803500
2018-03-20,114.55000305175781,115.69999694824219,114.44000244140625,114.5,93.5892562866211,4587200
2018-03-21,114.9800033569336,118.11000061035156,114.80000305175781,117.04000091552734,95.66537475585938,6829600
2018-03-22,115.55000305175781,115.73999786376953,113.4800033569336,113.69999694824219,92.93535614013672,6297200
2018-03-23,114.37000274658203,115.7699966430664,112.69999694824219,112.9800033569336,92.34684753417969,6227200
2018-03-26,114.23999786376953,115.58999633789062,113.25,115.3499984741211,94.28402709960938,6868700
2018-03-27,115.75,116.86000061035156,113.9800033569336,114.66000366210938,93.72004699707031,5530800
2018-03-28,114.93000030517578,115.26000213623047,112.05999755859375,112.0999984741211,91.6275634765625,6985300
2018-03-29,112.29000091552734,114.43000030517578,112.27999877929688,114.04000091552734,93.21324920654297,6627800
2018-04-02,113.88999938964844,114.38999938964844,110.54000091552734,112.23999786376953,91.74198913574219,6228600
2018-04-03,112.5199966430664,114.9800033569336,112.08999633789062,114.83000183105469,93.85899353027344,6717300
2018-04-04,113.05000305175781,114.79000091552734,112.43000030517578,114.4800033569336,93.57290649414062,5727200
2018-04-05,114.87999725341797,117.88999938964844,114.69999694824219,117.29000091552734,95.86973571777344,7204900
2018-04-06,116.37999725341797,117.01000213623047,113.38999938964844,114.76000213623047,93.80177307128906,7094500
2018-04-09,115.30000305175781,117.16999816894531,114.87999725341797,115.9800033569336,94.79896545410156,6933800
2018-04-10,117.5999984741211,119.83000183105469,117.5999984741211,118.8499984741211,97.14484405517578,7612800
2018-04-11,118.69000244140625,119.37999725341797,117.75,119.25,97.4717788696289,6246800
2018-04-12,119.70999908447266,120.66999816894531,118.6500015258789,119.2300033569336,97.45543670654297,6702000
2018-04-13,119.5199966430664,120.79000091552734,119.22000122070312,119.91999816894531,98.01940155029297,5508100
2018-04-16,120.5999984741211,121.70999908447266,119.7699966430664,120.69999694824219,98.65695190429688,4598000
2018-04-17,120.94000244140625,122.0,120.55999755859375,121.45999908447266,99.27818298339844,6488300
2018-04-18,122.45999908447266,124.88999938964844,122.4000015258789,123.81999969482422,101.2071762084961,9132500
2018-04-19,123.97000122070312,125.0,123.20999908447266,123.70999908447266,101.11727905273438,7159400
2018-04-20,123.37999725341797,123.45999908447266,121.45999908447266,122.30999755859375,99.97295379638672,7561200
2018-04-23,122.0,123.61000061035156,121.80000305175781,123.58000183105469,101.010986328125,6113100
2018-04-24,124.36000061035156,125.04000091552734,121.75,122.54000091552734,100.16094207763672,7980500
2018-04-25,122.33999633789062,122.9000015258789,121.12000274658203,122.72000122070312,100.30806732177734,5331100
2018-04-26,122.66999816894531,124.30000305175781,122.30000305175781,124.22000122070312,101.53414154052734,6268400
2018-04-27,125.5,127.05000305175781,124.68000030517578,126.62000274658203,103.49584197998047,8836600
2018-04-30,127.0199966430664,127.9000015258789,125.05000305175781,125.11000061035156,102.26158905029297,7631600
2018-05-01,124.02999877929688,124.91999816894531,123.08000183105469,124.86000061035156,102.0572509765625,7093700
2018-05-02,124.19999694824219,126.47000122070312,124.08999633789062,125.48999786376953,102.57218933105469,5909100
2018-05-03,124.58999633789062,126.12000274658203,123.83000183105469,126.01000213623047,102.99723815917969,6727700
2018-05-04,125.20999908447266,126.83999633789062,124.70999908447266,125.52999877929688,102.6048812866211,5403100
2018-05-07,126.58999633789062,128.39999389648438,124.44000244140625,124.94000244140625,102.12265014648438,6999700
2018-05-08,124.93000030517578,126.75,123.62999725341797,126.56999969482422,103.4549560546875,8937000
2018-05-09,128.4199981689453,130.4199981689453,128.08999633789062,128.72000122070312,105.2123031616211,11442700
2018-05-10,129.69000244140625,129.77999877929688,128.38999938964844,128.82000732421875,105.29405975341797,5446000
2018-05-11,129.38999938964844,130.75999450683594,128.52000427246094,129.83999633789062,106.12776947021484,8092300
2018-05-14,130.25,131.0800018310547,129.8000030517578,130.38999938964844,106.57732391357422,6212400
2018-05-15,130.24000549316406,130.27000427246094,129.25,129.74000549316406,106.04603576660156,5201700
2018-05-16,129.2899932861328,129.72000122070312,128.3000030517578,129.55999755859375,105.89891815185547,5405100
2018-05-17,128.75999450683594,129.57000732421875,128.3800048828125,129.4600067138672,106.73989868164062,5241600
2018-05-18,128.9199981689453,129.14999389648438,127.80000305175781,127.86000061035156,105.42068481445312,6385800
2018-05-21,128.7899932861328,129.41000366210938,128.27000427246094,129.3699951171875,106.66569519042969,5081200
2018-05-22,129.08999633789062,130.38999938964844,128.10000610351562,128.22999572753906,105.72576141357422,5444200
2018-05-23,127.08999633789062,128.7899932861328,126.55000305175781,128.6999969482422,106.11326599121094,6017200
2018-05-24,127.4000015258789,127.4000015258789,125.8499984741211,126.61000061035156,104.39006805419922,5906200
2018-05-25,124.54000091552734,124.76000213623047,121.22000122070312,122.19000244140625,100.74578094482422,8936600
2018-05-29,121.0999984741211,122.43000030517578,120.05999755859375,121.38999938964844,100.08615112304688,7385700
2018-05-30,122.6500015258789,125.66999816894531,122.33999633789062,125.16000366210938,103.19454956054688,7125300
2018-05-31,124.08000183105469,124.81999969482422,123.45999908447266,124.30000305175781,102.48546600341797,7460700
2018-06-01,125.48999786376953,125.55000305175781,123.43000030517578,123.8499984741211,102.11444854736328,5749900
2018-06-04,124.52999877929688,125.41000366210938,122.16999816894531,122.26000213623047,100.8034896850586,5760500
2018-06-05,122.01000213623047,123.70999908447266,121.55000305175781,122.7300033569336,101.19100189208984,5672600
2018-06-06,123.12000274658203,123.69000244140625,122.05999755859375,123.37999725341797,101.7269287109375,6213400
2018-06-07,124.54000091552734,127.9800033569336,124.41000366210938,126.95999908447266,104.67862701416016,8607200
2018-06-08,127.12000274658203,127.37999725341797,125.68000030517578,126.44000244140625,104.24989318847656,5108800
2018-06-11,126.7699966430664,128.19000244140625,125.86000061035156,127.55999755859375,105.17333221435547,6085100
2018-06-12,127.63999938964844,128.3800048828125,126.33000183105469,127.08000183105469,104.77757263183594,4543000
2018-06-13,126.80999755859375,127.81999969482422,126.08999633789062,127.06999969482422,104.76934051513672,6317900
2018-06-14,127.37999725341797,127.95999908447266,126.37999725341797,126.51000213623047,104.30760955810547,5056800
2018-06-15,127.0999984741211,127.12000274658203,123.83999633789062,124.04000091552734,102.27111053466797,13223800
2018-06-18,124.3499984741211,126.9800033569336,124.0999984741211,125.97000122070312,103.8624038696289,7696800
2018-06-19,124.31999969482422,125.88999938964844,123.87999725341797,125.54000091552734,103.50785064697266,5947800
2018-06-20,126.12000274658203,126.45999908447266,124.30000305175781,125.29000091552734,103.30172729492188,7980700
2018-06-21,124.5,124.58999633789062,122.16000366210938,122.58999633789062,101.07557678222656,7290800
2018-06-22,125.41000366210938,126.56999969482422,124.81999969482422,125.0999984741211,103.14506530761719,8535200
2018-06-25,124.43000030517578,124.63999938964844,121.93000030517578,122.61000061035156,101.09205627441406,5801900
2018-06-26,123.02999877929688,124.61000061035156,122.56999969482422,124.16000366210938,102.37003326416016,4592800
2018-06-27,125.1500015258789,127.41999816894531,125.05999755859375,126.0,103.88712310791016,6339500
2018-06-28,126.54000091552734,126.86000061035156,125.0,125.66000366210938,103.60679626464844,3814800
2018-06-29,125.73999786376953,127.7300033569336,125.73999786376953,126.43000030517578,104.24166870117188,5669700
2018-07-02,125.27999877929688,125.29000091552734,123.55999755859375,124.25,102.44424438476562,5073500
2018-07-03,125.45999908447266,126.69000244140625,124.55000305175781,124.7300033569336,102.84000396728516,3919600
2018-07-05,126.11000061035156,126.25,123.81999969482422,123.9800033569336,102.22164154052734,5926900
2018-07-06,123.5199966430664,124.5199966430664,123.19000244140625,124.13999938964844,102.35354614257812,4020000
2018-07-09,125.0,126.27999877929688,124.69000244140625,125.98999786376953,103.87886810302734,4602200
2018-07-10,127.33000183105469,128.50999450683594,126.75,127.58999633789062,105.19807434082031,5092100
2018-07-11,126.2300033569336,126.68000030517578,122.97000122070312,123.5199966430664,101.84236145019531,6631800
2018-07-12,124.44000244140625,124.94999694824219,123.58999633789062,124.26000213623047,102.45249938964844,3745200
2018-07-13,124.19999694824219,124.87999725341797,123.62999725341797,124.04000091552734,102.27111053466797,3352800
2018-07-16,123.01000213623047,123.87999725341797,121.87999725341797,122.9800033569336,101.39713287353516,4317800
2018-07-17,122.36000061035156,122.95999908447266,121.80000305175781,121.91000366210938,100.5149154663086,4135200
2018-07-18,121.23999786376953,121.66999816894531,119.66999816894531,121.52999877929688,100.20161437988281,6061300
2018-07-19,121.0999984741211,122.13999938964844,121.01000213623047,121.66999816894531,100.3170166015625,4471400
2018-07-20,121.25,122.3499984741211,121.01000213623047,122.2699966430664,100.81173706054688,5394700
2018-07-23,122.3499984741211,123.06999969482422,121.16000366210938,121.33000183105469,100.03669738769531,5359400
2018-07-24,121.87000274658203,124.16000366210938,121.86000061035156,123.8499984741211,102.11444854736328,4423500
2018-07-25,123.62000274658203,125.2300033569336,123.2699966430664,124.9000015258789,102.98017883300781,4278800
2018-07-26,124.69999694824219,125.37999725341797,123.80000305175781,123.94999694824219,102.19689178466797,5544100
2018-07-27,122.79000091552734,127.04000091552734,122.08000183105469,125.97000122070312,103.8624038696289,7580900
2018-07-30,126.76000213623047,128.41000366210938,126.22000122070312,127.83000183105469,105.39595794677734,5729300
2018-07-31,128.0,128.5500030517578,126.12999725341797,126.2699966430664,104.1097412109375,5894400
2018-08-01,125.30999755859375,125.91999816894531,124.75,125.38999938964844,103.3841781616211,4661000
2018-08-02,124.44000244140625,124.80999755859375,123.30000305175781,123.76000213623047,102.04023742675781,4639600
2018-08-03,124.1500015258789,124.25,123.33000183105469,124.05000305175781,102.27934265136719,5299400
2018-08-06,124.41999816894531,124.94000244140625,123.54000091552734,124.30000305175781,102.48546600341797,4455900
2018-08-07,125.54000091552734,125.69999694824219,124.75,125.18000030517578,103.21104431152344,4542000
2018-08-08,124.5199966430664,124.79000091552734,123.31999969482422,123.87999725341797,102.13916015625,5957200
2018-08-09,123.95999908447266,124.37000274658203,122.26000213623047,122.52999877929688,101.02609252929688,5218300
2018-08-10,122.16999816894531,123.5199966430664,121.5,123.33999633789062,101.69395446777344,6128000
2018-08-13,123.30999755859375,123.68000030517578,122.26000213623047,122.44000244140625,100.95188903808594,4360000
2018-08-14,122.91999816894531,123.6500015258789,122.0,122.58000183105469,101.06732940673828,3622200
2018-08-15,121.69999694824219,121.7300033569336,117.43000030517578,117.94000244140625,97.24163818359375,9476700
2018-08-16,117.69999694824219,118.30999755859375,117.18000030517578,117.66000366210938,97.94085693359375,5455200
2018-08-17,118.1500015258789,118.58000183105469,117.08999633789062,117.80000305175781,98.05740356445312,6112900
2018-08-20,118.0,118.31999969482422,117.33000183105469,117.75,98.01578521728516,5403600
2018-08-21,118.37999725341797,118.93000030517578,117.79000091552734,117.94000244140625,98.17393493652344,4875800
2018-08-22,118.54000091552734,119.45999908447266,118.41999816894531,118.91999816894531,98.98967742919922,3636900
2018-08-23,118.38999938964844,118.81999969482422,117.69999694824219,118.0999984741211,98.30711364746094,3962500
2018-08-24,118.9000015258789,119.54000091552734,118.72000122070312,119.01000213623047,99.06460571289062,4415400
2018-08-27,119.36000061035156,120.4800033569336,119.16999816894531,120.3499984741211,100.1800308227539,3901900
2018-08-28,120.5999984741211,121.33999633789062,119.75,119.86000061035156,99.77214050292969,4685700
2018-08-29,120.0,120.83000183105469,119.87999725341797,120.22000122070312,100.07180786132812,4101700
2018-08-30,120.08000183105469,120.43000030517578,119.55000305175781,119.80999755859375,99.73052978515625,3353000
2018-08-31,119.4000015258789,119.4000015258789,118.08999633789062,118.45999908447266,98.60677337646484,5287000
2018-09-04,118.93000030517578,119.62999725341797,118.3499984741211,118.87000274658203,98.94807434082031,4590900
2018-09-05,118.05999755859375,118.94000244140625,117.26000213623047,118.91999816894531,98.98967742919922,4619400
2018-09-06,117.88999938964844,118.51000213623047,115.13999938964844,115.2300033569336,95.91812133789062,8191100
2018-09-07,114.5199966430664,115.3499984741211,113.38999938964844,114.5999984741211,95.3936996459961,6637800
2018-09-10,115.43000030517578,115.72000122070312,114.37999725341797,114.4800033569336,95.29379272460938,5870900
2018-09-11,114.33999633789062,115.73999786376953,113.76000213623047,115.0199966430664,95.74331665039062,5605300
2018-09-12,116.41999816894531,117.48999786376953,115.76000213623047,115.79000091552734,96.38426208496094,5067800
2018-09-13,116.01000213623047,116.5199966430664,115.08000183105469,116.30000305175781,96.80879974365234,6297700
2018-09-14,116.43000030517578,117.61000061035156,116.3499984741211,117.37999725341797,97.70777893066406,4947800
2018-09-17,117.61000061035156,118.68000030517578,117.27999877929688,117.51000213623047,97.81600189208984,5560200
2018-09-18,118.5,118.9000015258789,117.9800033569336,118.12999725341797,98.33209228515625,4966300
2018-09-19,118.33000183105469,120.04000091552734,118.12000274658203,119.51000213623047,99.4808120727539,4855300
2018-09-20,120.19000244140625,121.31999969482422,119.11000061035156,119.41999816894531,99.4058837890625,5846700
2018-09-21,119.91000366210938,121.26000213623047,119.41000366210938,121.12999725341797,100.82930755615234,13703600
2018-09-24,121.91000366210938,122.9800033569336,121.56999969482422,122.62000274658203,102.06958770751953,6534100
2018-09-25,123.5,124.23999786376953,122.94000244140625,123.37000274658203,102.69390869140625,5396400
2018-09-26,122.98999786376953,123.41999816894531,121.73999786376953,121.94999694824219,101.51187133789062,4231400
2018-09-27,122.16000366210938,123.0,121.70999908447266,122.47000122070312,101.94473266601562,4533400
2018-09-28,121.98999786376953,123.20999908447266,121.76000213623047,122.27999877929688,101.78656768798828,5202900
2018-10-01,123.11000061035156,124.87999725341797,123.11000061035156,124.38999938964844,103.5429458618164,5348200
2018-10-02,125.06999969482422,125.76000213623047,124.31999969482422,124.73999786376953,103.83431243896484,5445400
2018-10-03,125.12999725341797,125.83999633789062,124.77999877929688,125.30999755859375,104.30876159667969,4479500
2018-10-04,124.79000091552734,125.58999633789062,124.19000244140625,124.94999694824219,104.00908660888672,4824300
2018-10-05,124.93000030517578,125.9000015258789,124.73999786376953,125.33000183105469,104.32540893554688,4318000
2018-10-08,124.05000305175781,125.45999908447266,123.83000183105469,124.83999633789062,103.91753387451172,6267700
2018-10-09,125.51000213623047,127.44000244140625,125.06999969482422,126.81999969482422,105.56568908691406,6797900
2018-10-10,127.2300033569336,127.5999984741211,122.45999908447266,122.5999984741211,102.05294799804688,6504400
2018-10-11,122.43000030517578,122.43000030517578,117.54000091552734,118.43000030517578,98.58181762695312,8589900
2018-10-12,119.52999877929688,119.68000030517578,116.18000030517578,117.7699966430664,98.03244018554688,7450700
2018-10-15,117.69999694824219,118.86000061035156,116.91000366210938,116.94000244140625,97.3415298461914,6047300
2018-10-16,117.08999633789062,117.68000030517578,116.33999633789062,117.51000213623047,97.81600189208984,4846100
2018-10-17,117.20999908447266,117.69000244140625,116.0199966430664,117.29000091552734,97.63287353515625,6978700
2018-10-18,117.41999816894531,118.13999938964844,116.05000305175781,117.47000122070312,97.78269958496094,7391600
2018-10-19,117.37000274658203,119.26000213623047,117.37000274658203,118.13999938964844,98.34040832519531,7944400
2018-10-22,118.0999984741211,118.48999786376953,116.4800033569336,117.20999908447266,97.56627655029297,5644900
2018-10-23,115.72000122070312,115.72000122070312,112.05000305175781,113.4000015258789,94.39482879638672,8095300
2018-10-24,113.72000122070312,114.18000030517578,110.06999969482422,110.20999908447266,91.73944091796875,8035200
2018-10-25,111.36000061035156,113.4000015258789,110.43000030517578,111.58000183105469,92.87982177734375,5734000
2018-10-26,110.62999725341797,112.47000122070312,109.66000366210938,111.52999877929688,92.83821868896484,8035500
2018-10-29,112.04000091552734,112.06999969482422,107.54000091552734,108.93000030517578,90.6739730834961,8598300
2018-10-30,109.62000274658203,111.1500015258789,108.1500015258789,110.8499984741211,92.27217864990234,7523800
2018-10-31,111.70999908447266,112.5,111.05000305175781,111.6500015258789,92.9381103515625,7429800
2018-11-01,111.7699966430664,111.98999786376953,110.0999984741211,111.16999816894531,92.5385513305664,10572000
2018-11-02,114.8499984741211,117.11000061035156,113.12000274658203,114.7300033569336,95.50191497802734,9890400
2018-11-05,116.62000274658203,119.66999816894531,116.5999984741211,118.94000244140625,99.00633239746094,8758700
2018-11-06,118.76000213623047,119.43000030517578,117.8499984741211,118.9000015258789,98.9730453491211,5273200
2018-11-07,120.0,121.12000274658203,119.0199966430664,120.87000274658203,100.61288452148438,4848800
2018-11-08,120.6500015258789,121.87000274658203,118.95999908447266,119.36000061035156,99.35595703125,9532400
2018-11-09,118.22000122070312,120.37000274658203,117.37000274658203,119.51000213623047,99.4808120727539,6565700
2018-11-12,120.9000015258789,121.37000274658203,117.16999816894531,117.38999938964844,97.71611785888672,10550800
2018-11-13,117.30000305175781,117.87999725341797,115.04000091552734,115.3499984741211,96.01801300048828,6846200
2018-11-14,116.87999725341797,117.79000091552734,114.94000244140625,115.72000122070312,96.32599639892578,6783500
2018-11-15,113.66000366210938,117.08000183105469,112.72000122070312,116.94999694824219,98.30126953125,7218100
2018-11-16,117.5,119.2699966430664,117.2699966430664,119.05999755859375,100.0748062133789,6706900
2018-11-19,118.13999938964844,119.4800033569336,117.9000015258789,119.41999816894531,100.37740325927734,5328300
2018-11-20,119.23999786376953,119.5,115.04000091552734,116.0999984741211,97.58680725097656,7983500
2018-11-21,116.68000030517578,119.19000244140625,116.68000030517578,117.56999969482422,98.82239532470703,5624400
2018-11-23,114.69999694824219,115.22000122070312,112.11000061035156,113.5999984741211,95.4854507446289,5577800
2018-11-26,114.5999984741211,115.44000244140625,114.0199966430664,114.9800033569336,96.64541625976562,6953000
2018-11-27,114.55000305175781,115.66000366210938,114.22000122070312,115.20999908447266,96.83872985839844,6339200
2018-11-28,114.9800033569336,118.27999877929688,114.4000015258789,118.13999938964844,99.30150604248047,6841700
2018-11-29,117.94999694824219,119.7300033569336,117.73999786376953,118.8499984741211,99.89830017089844,6656900
2018-11-30,118.05000305175781,119.20999908447266,117.69999694824219,118.94000244140625,99.97395324707031,6712500
2018-12-03,120.7699966430664,122.43000030517578,120.05999755859375,120.66999816894531,101.42807006835938,8237600
2018-12-04,120.5999984741211,121.08999633789062,117.06999969482422,117.23999786376953,98.54503631591797,8288100
2018-12-06,115.33999633789062,116.13999938964844,113.02999877929688,115.91000366210938,97.42709350585938,10715700
2018-12-07,117.58999633789062,119.69999694824219,115.19000244140625,115.48999786376953,97.07406616210938,9114400
2018-12-10,115.30000305175781,115.95999908447266,111.66999816894531,114.94000244140625,96.61178588867188,7674300
2018-12-11,116.26000213623047,116.62000274658203,113.94999694824219,115.47000122070312,97.05728149414062,5929400
2018-12-12,117.11000061035156,117.72000122070312,115.56999969482422,115.62000274658203,97.18333435058594,7891400
2018-12-13,115.1500015258789,116.31999969482422,114.30999755859375,115.94000244140625,97.45232391357422,7030500
2018-12-14,115.01000213623047,115.80999755859375,113.30999755859375,113.83000183105469,95.67877960205078,6195400
2018-12-17,113.44000244140625,114.97000122070312,111.86000061035156,112.44999694824219,94.51883697509766,7132400
2018-12-18,112.62999725341797,113.23999786376953,108.94999694824219,109.73999786376953,92.24095153808594,9658600
2018-12-19,109.91000366210938,111.98999786376953,107.0999984741211,107.83000183105469,90.63553619384766,10472400
2018-12-20,106.80999755859375,108.06999969482422,104.19000244140625,104.9800033569336,88.24000549316406,11612800
2018-12-21,103.62000274658203,106.94000244140625,102.91000366210938,104.20999908447266,87.59278106689453,19912800
2018-12-24,103.30000305175781,104.1500015258789,100.91000366210938,100.98999786376953,84.88622283935547,5619500
2018-12-26,101.8499984741211,107.38999938964844,100.22000122070312,107.38999938964844,90.26568603515625,10779400
2018-12-27,105.47000122070312,109.33000183105469,104.87999725341797,109.31999969482422,91.887939453125,10655100
2018-12-28,109.6500015258789,110.36000061035156,108.12000274658203,108.6500015258789,91.32478332519531,6445400
2018-12-31,109.1500015258789,110.23999786376953,107.86000061035156,108.79000091552734,91.44244384765625,6309600
2019-01-02,107.33999633789062,111.68000030517578,107.0999984741211,110.69000244140625,93.03948211669922,6384800
2019-01-03,111.05999755859375,111.29000091552734,108.06999969482422,108.56999969482422,91.25753784179688,6496200
2019-01-04,110.27999877929688,110.98999786376953,109.47000122070312,110.81999969482422,93.14875030517578,7952500
2019-01-07,111.05999755859375,112.93000030517578,109.91999816894531,112.26000213623047,94.359130859375,5712700
2019-01-08,113.4000015258789,113.79000091552734,111.66999816894531,111.7699966430664,93.94725799560547,5674900
2019-01-09,112.69000244140625,114.0,112.44999694824219,113.2699966430664,95.20806884765625,7097000
2019-01-10,112.51000213623047,113.62999725341797,111.70999908447266,113.44999694824219,95.35936737060547,6078300
2019-01-11,113.0,113.05000305175781,111.66999816894531,112.54000091552734,94.594482421875,4491700
2019-01-14,111.33999633789062,112.33999633789062,111.08000183105469,111.72000122070312,93.90523529052734,6121700
2019-01-15,111.9800033569336,113.06999969482422,111.51000213623047,112.12000274658203,94.24146270751953,4226100
2019-01-16,111.43000030517578,112.31999969482422,111.22000122070312,111.4000015258789,93.63626861572266,5624100
2019-01-17,110.75,112.29000091552734,110.16999816894531,111.95999908447266,94.1069564819336,4442700
2019-01-18,113.98999786376953,114.6500015258789,113.05999755859375,114.37000274658203,96.13267517089844,9382000
2019-01-22,113.12000274658203,113.44999694824219,111.94999694824219,112.33999633789062,94.42637634277344,7242000
2019-01-23,112.37999725341797,112.66999816894531,110.41999816894531,111.38999938964844,93.62785339355469,6082300
2019-01-24,111.02999877929688,113.81999969482422,110.91000366210938,113.51000213623047,95.40980529785156,8470700
2019-01-25,114.05999755859375,114.77999877929688,112.98999786376953,113.22000122070312,95.16604614257812,6261800
2019-01-28,111.91000366210938,112.56999969482422,111.06999969482422,112.16999816894531,94.28348541259766,6886600
2019-01-29,113.02999877929688,113.3499984741211,111.7699966430664,111.83000183105469,93.99768829345703,5359900
2019-01-30,112.52999877929688,113.6500015258789,111.9800033569336,113.01000213623047,94.98954010009766,7941700
2019-01-31,113.80000305175781,115.41000366210938,113.37999725341797,114.6500015258789,96.36802673339844,11225600
2019-02-01,116.6500015258789,119.25,116.5999984741211,118.37000274658203,99.49484252929688,10934300
2019-02-04,117.5,119.75,116.30999755859375,119.73999786376953,100.6463623046875,7987900
2019-02-05,119.62000274658203,119.86000061035156,118.69000244140625,119.4800033569336,100.4278335571289,6887400
2019-02-06,119.0,119.58999633789062,118.69000244140625,118.87999725341797,99.92350006103516,4990400
2019-02-07,118.01000213623047,118.51000213623047,116.51000213623047,118.2300033569336,99.37715148925781,7281900
2019-02-08,117.73999786376953,117.88999938964844,115.91999816894531,117.58000183105469,98.83079528808594,5671000
2019-02-11,116.93000030517578,117.36000061035156,116.38999938964844,116.94999694824219,98.30126953125,4859600
2019-02-12,118.33000183105469,118.87000274658203,117.61000061035156,118.72000122070312,99.7890396118164,5400700
2019-02-13,119.16000366210938,120.38999938964844,118.69999694824219,119.56999969482422,100.50348663330078,5935900
2019-02-14,118.37000274658203,119.52999877929688,117.66000366210938,118.16000366210938,100.31671142578125,5406500
2019-02-15,119.62000274658203,119.86000061035156,118.58999633789062,119.3499984741211,101.32698822021484,6209800
2019-02-19,118.9000015258789,119.86000061035156,118.45999908447266,119.30999755859375,101.29305267333984,4277800
2019-02-20,119.30999755859375,120.72000122070312,119.0,120.27999877929688,102.1165542602539,5940600
2019-02-21,120.06999969482422,120.31999969482422,118.38999938964844,119.13999938964844,101.14871215820312,5139400
2019-02-22,120.27999877929688,120.45999908447266,118.8499984741211,119.38999938964844,101.3609619140625,4517600
2019-02-25,119.41000366210938,120.41999816894531,119.37000274658203,119.62000274658203,101.55622863769531,5196600
2019-02-26,119.80999755859375,120.97000122070312,119.68000030517578,119.94000244140625,101.82791137695312,5445600
2019-02-27,120.29000091552734,121.29000091552734,119.88999938964844,120.08000183105469,101.94677734375,5289800
2019-02-28,120.0,120.16000366210938,118.48999786376953,119.58000183105469,101.52227020263672,6406500
2019-03-01,120.38999938964844,122.04000091552734,120.16999816894531,122.02999877929688,103.60230255126953,7743600
2019-03-04,122.66999816894531,122.83999633789062,120.55000305175781,122.12000274658203,103.67871856689453,7499500
2019-03-05,121.87000274658203,123.3499984741211,121.58999633789062,123.29000091552734,104.67203521728516,7345200
2019-03-06,123.16999816894531,124.69999694824219,122.30000305175781,123.52999877929688,104.87578582763672,7599900
2019-03-07,123.41999816894531,123.5,121.69999694824219,121.94000244140625,103.52589416503906,7201100
2019-03-08,120.0999984741211,121.93000030517578,119.19999694824219,121.62000274658203,103.25421142578125,7014100
2019-03-11,122.87000274658203,124.19999694824219,122.75,123.62000274658203,104.95219421386719,6088600
2019-03-12,123.83999633789062,124.95999908447266,123.37999725341797,123.9000015258789,105.18991088867188,6184300
2019-03-13,124.5999984741211,124.93000030517578,123.9000015258789,124.66999816894531,105.84362030029297,4707000
2019-03-14,124.76000213623047,125.45999908447266,124.4800033569336,124.5999984741211,105.78419494628906,5146400
2019-03-15,124.58999633789062,125.41999816894531,124.3499984741211,125.30999755859375,106.3869857788086,10449700
2019-03-18,125.20999908447266,126.12999725341797,125.16999816894531,125.87999725341797,106.87091064453125,5586900
2019-03-19,126.55999755859375,126.91999816894531,124.73999786376953,125.27999877929688,106.36151885986328,5096800
2019-03-20,125.04000091552734,126.33999633789062,124.68000030517578,124.69000244140625,105.86063385009766,6708500
2019-03-21,124.87000274658203,125.95999908447266,124.51000213623047,125.86000061035156,106.85394287109375,5050400
2019-03-22,124.8499984741211,124.9000015258789,122.69999694824219,123.08999633789062,104.50222778320312,5786800
2019-03-25,122.93000030517578,123.3499984741211,122.30999755859375,122.88999938964844,104.3324203491211,3837500
2019-03-26,123.7699966430664,124.91000366210938,123.37999725341797,124.12999725341797,105.38516998291016,4079800
2019-03-27,123.9800033569336,124.4800033569336,122.0199966430664,122.79000091552734,104.24755096435547,3727800
2019-03-28,122.5999984741211,123.16000366210938,122.36000061035156,123.0199966430664,104.44280242919922,4057700
2019-03-29,124.27999877929688,124.47000122070312,122.48999786376953,123.18000030517578,104.57862091064453,5318600
2019-04-01,123.87000274658203,125.2699966430664,123.44999694824219,124.94000244140625,106.07286071777344,5506300
2019-04-02,125.19999694824219,125.44000244140625,124.11000061035156,124.93000030517578,106.06436920166016,4362700
2019-04-03,125.22000122070312,125.3499984741211,123.54000091552734,123.88999938964844,105.18140411376953,3595400
2019-04-04,124.01000213623047,124.83000183105469,123.55000305175781,124.80000305175781,105.95399475097656,3715400
2019-04-05,125.25,126.63999938964844,125.19999694824219,126.41999816894531,107.32936096191406,5551400
2019-04-08,126.7699966430664,127.33999633789062,126.2300033569336,126.68000030517578,107.55009460449219,5483100
2019-04-09,126.29000091552734,126.29000091552734,125.12000274658203,125.54000091552734,106.5822525024414,4143400
2019-04-10,126.13999938964844,126.56999969482422,125.12999725341797,125.48999786376953,106.53981018066406,3970000
2019-04-11,125.33999633789062,126.26000213623047,124.75,125.98999786376953,106.96429443359375,3248300
2019-04-12,121.58000183105469,122.0,119.0,119.76000213623047,101.67509460449219,42693700
2019-04-15,120.0199966430664,121.0199966430664,119.33000183105469,120.13999938964844,101.9977035522461,13369100
2019-04-16,120.43000030517578,121.31999969482422,120.05999755859375,121.16999816894531,102.8721694946289,11942900
2019-04-17,122.19999694824219,122.54000091552734,120.05000305175781,120.2699966430664,102.1080551147461,11898100
2019-04-18,120.5199966430664,120.81999969482422,119.0999984741211,119.86000061035156,101.7599868774414,9546500
2019-04-22,120.77999877929688,122.01000213623047,120.44999694824219,121.9000015258789,103.49193572998047,7946200
2019-04-23,121.7300033569336,122.27999877929688,121.3499984741211,122.0199966430664,103.59380340576172,9079200
2019-04-24,121.3499984741211,121.43000030517578,118.08999633789062,118.27999877929688,100.41859436035156,22115000
2019-04-25,118.05000305175781,118.69999694824219,117.4000015258789,117.9000015258789,100.09597778320312,10636400
2019-04-26,118.4000015258789,118.5,115.6500015258789,117.0999984741211,99.41675567626953,11626700
2019-04-29,117.01000213623047,118.11000061035156,116.69999694824219,117.72000122070312,99.94315338134766,9404000
2019-04-30,121.0999984741211,121.91999816894531,119.6500015258789,120.05999755859375,101.92977905273438,21431500
2019-05-01,119.80000305175781,120.13999938964844,117.76000213623047,117.80999755859375,100.01956176757812,10097000
2019-05-02,117.27999877929688,118.4800033569336,116.27999877929688,116.37999725341797,98.80548858642578,9495600
2019-05-03,117.69000244140625,118.55000305175781,117.11000061035156,117.2699966430664,99.56109619140625,7364900
2019-05-06,117.5,119.83999633789062,117.47000122070312,118.4000015258789,100.52045440673828,11035000
2019-05-07,117.30000305175781,118.2699966430664,116.5,118.2699966430664,100.41009521484375,9165200
2019-05-08,118.37000274658203,118.4800033569336,117.4000015258789,117.5,99.7563705444336,6229000
2019-05-09,121.12000274658203,122.31999969482422,119.86000061035156,121.19000244140625,102.8891372680664,16496300
2019-05-10,121.16999816894531,122.2699966430664,119.83000183105469,121.98999786376953,103.56832885742188,8787900
2019-05-13,121.91000366210938,122.26000213623047,120.01000213623047,120.44000244140625,102.2524185180664,7701200
2019-05-14,120.66999816894531,122.25,120.51000213623047,121.63999938964844,103.27117919921875,6858500
2019-05-15,121.19999694824219,122.48999786376953,120.87000274658203,122.13999938964844,103.6956787109375,6945000
2019-05-16,120.98999786376953,121.55000305175781,120.52999877929688,120.80000305175781,103.56709289550781,8543300
2019-05-17,120.05999755859375,121.11000061035156,119.87999725341797,120.5199966430664,103.32701110839844,6870900
2019-05-20,120.70999908447266,121.20999908447266,120.54000091552734,120.83999633789062,103.60137176513672,4569700
2019-05-21,121.02999877929688,121.94000244140625,120.9000015258789,121.33999633789062,104.03004455566406,4859400
2019-05-22,120.9000015258789,121.44000244140625,120.33999633789062,120.56999969482422,103.36990356445312,5763300
2019-05-23,118.80999755859375,118.87000274658203,116.86000061035156,117.87000274658203,101.0550765991211,11000200
2019-05-24,118.30000305175781,118.93000030517578,117.37999725341797,118.70999908447266,101.77523803710938,4890800
2019-05-28,118.87999725341797,119.31999969482422,118.16999816894531,118.30999755859375,101.43228912353516,8145100
2019-05-29,117.04000091552734,117.36000061035156,115.81999969482422,116.7699966430664,100.11198425292969,7451300
2019-05-30,116.54000091552734,116.73999786376953,114.8499984741211,115.37999725341797,98.92028045654297,5807900
2019-05-31,114.22000122070312,115.19999694824219,113.72000122070312,113.8499984741211,97.6085433959961,6899800
2019-06-03,114.69999694824219,116.0999984741211,114.47000122070312,115.98999786376953,99.44326782226562,6100800
2019-06-04,116.5999984741211,117.68000030517578,116.29000091552734,117.30000305175781,100.56639099121094,5235600
2019-06-05,117.87000274658203,118.02999877929688,116.2699966430664,117.6500015258789,100.866455078125,5105700
2019-06-06,118.20999908447266,121.16000366210938,118.11000061035156,120.68000030517578,103.46420288085938,7370100
2019-06-07,120.73999786376953,122.12000274658203,120.52999877929688,121.4800033569336,104.15008544921875,5343100
2019-06-10,122.19999694824219,122.76000213623047,121.70999908447266,122.29000091552734,104.84452819824219,5708800
2019-06-11,123.37000274658203,123.5,121.1500015258789,121.16999816894531,103.88430786132812,5625100
2019-06-12,120.37999725341797,120.58000183105469,119.55999755859375,120.19000244140625,103.04409790039062,4000100
2019-06-13,121.23999786376953,121.88999938964844,120.45999908447266,120.91000366210938,103.66138458251953,3993300
2019-06-14,121.0,121.16000366210938,120.37000274658203,120.80999755859375,103.5756607055664,3366800
2019-06-17,120.72000122070312,121.83999633789062,120.37999725341797,121.38999938964844,104.07291412353516,4219100
2019-06-18,121.94999694824219,123.87000274658203,121.86000061035156,122.93000030517578,105.39320373535156,4884300
2019-06-19,122.51000213623047,123.4800033569336,122.22000122070312,122.88999938964844,105.35893249511719,3847100
2019-06-20,124.30999755859375,124.69999694824219,123.5999984741211,124.27999877929688,106.55062866210938,7771700
2019-06-21,124.80000305175781,126.19999694824219,124.2300033569336,124.93000030517578,107.10791778564453,14287900
2019-06-24,124.54000091552734,125.37999725341797,124.41999816894531,124.91000366210938,107.09077453613281,5542600
2019-06-25,124.83999633789062,125.11000061035156,123.48999786376953,123.63999938964844,106.001953125,4713300
2019-06-26,124.56999969482422,124.87999725341797,123.87999725341797,123.93000030517578,106.25057220458984,5054800
2019-06-27,123.91999816894531,124.19999694824219,122.88999938964844,123.11000061035156,105.54754638671875,3551700
2019-06-28,123.41000366210938,124.4800033569336,123.12000274658203,124.44000244140625,106.68782043457031,7048300
2019-07-01,125.36000061035156,125.83999633789062,124.36000061035156,124.83999633789062,107.0307388305664,5526900
2019-07-02,124.55000305175781,124.72000122070312,122.38999938964844,122.93000030517578,105.39320373535156,5747700
2019-07-03,122.93000030517578,123.37000274658203,122.33000183105469,123.3499984741211,105.75331115722656,2725800
2019-07-05,123.13999938964844,123.73999786376953,122.63999938964844,123.54000091552734,105.91619110107422,3458900
2019-07-08,123.66000366210938,124.08999633789062,123.41999816894531,123.5999984741211,105.96764373779297,3505200
2019-07-09,123.9000015258789,124.13999938964844,123.06999969482422,123.3499984741211,105.75331115722656,3955600
2019-07-10,124.11000061035156,125.62000274658203,124.11000061035156,125.44000244140625,107.5451431274414,4743500
2019-07-11,125.68000030517578,125.68000030517578,124.5999984741211,125.43000030517578,107.53658294677734,3548000
2019-07-12,125.37999725341797,126.25,125.12999725341797,125.9800033569336,108.00811767578125,3974400
2019-07-15,126.05999755859375,126.4000015258789,125.2699966430664,125.72000122070312,107.78521728515625,3739200
2019-07-16,125.5,125.77999877929688,124.26000213623047,124.76000213623047,106.96216583251953,4697600
2019-07-17,124.66000366210938,125.27999877929688,124.05999755859375,124.13999938964844,106.43061065673828,3874200
2019-07-18,124.12000274658203,125.05000305175781,123.36000061035156,124.68000030517578,106.8935775756836,5770700
2019-07-19,124.68000030517578,125.41000366210938,124.5999984741211,125.04000091552734,107.20222473144531,4880900
2019-07-22,125.37000274658203,125.75,124.47000122070312,125.30999755859375,107.43370819091797,3275800
2019-07-23,125.23999786376953,126.22000122070312,124.77999877929688,125.81999969482422,107.87093353271484,4295300
2019-07-24,125.87000274658203,126.94000244140625,125.66000366210938,126.54000091552734,108.48824310302734,4796900
2019-07-25,127.0,127.0,125.33000183105469,125.62999725341797,107.70803833007812,4586800
2019-07-26,125.23999786376953,125.25,123.30000305175781,123.72000122070312,106.07052612304688,6971700
2019-07-29,123.4800033569336,124.63999938964844,123.37999725341797,124.2300033569336,106.50777435302734,4377500
2019-07-30,124.0999984741211,124.75,123.37999725341797,124.33999633789062,106.6020736694336,3871700
2019-07-31,123.70999908447266,124.69000244140625,122.4800033569336,123.11000061035156,105.54754638671875,7199500
2019-08-01,122.0,123.75,120.30999755859375,120.73999786376953,103.51563262939453,7928400
2019-08-02,121.77999877929688,122.54000091552734,117.83000183105469,120.7300033569336,103.50707244873047,9026200
2019-08-05,119.19000244140625,120.55000305175781,117.44999694824219,118.73999786376953,101.80095672607422,8620300
2019-08-06,118.72000122070312,119.52999877929688,117.6500015258789,119.37999725341797,102.34964752197266,6788000
2019-08-07,117.55000305175781,119.80000305175781,116.94999694824219,119.0999984741211,102.10958099365234,6853700
2019-08-08,119.48999786376953,123.33000183105469,119.41999816894531,123.2300033569336,105.65042114257812,8868100
2019-08-09,123.11000061035156,123.88999938964844,121.88999938964844,122.41999816894531,104.95597839355469,5051700
2019-08-12,123.01000213623047,123.13999938964844,120.91000366210938,121.55000305175781,104.21009063720703,3936500
2019-08-13,121.01000213623047,122.69999694824219,120.30000305175781,122.38999938964844,104.93024444580078,5806400
2019-08-14,120.0199966430664,120.58999633789062,117.68000030517578,117.73999786376953,100.94361877441406,7175600
2019-08-15,117.23999786376953,117.83999633789062,115.45999908447266,116.94999694824219,100.26629638671875,6272600
2019-08-16,116.4000015258789,116.6500015258789,115.36000061035156,115.80999755859375,100.30962371826172,6239100
2019-08-19,117.12999725341797,117.81999969482422,116.95999908447266,117.30999755859375,101.60885620117188,6443700
2019-08-20,117.12999725341797,117.19000244140625,115.66000366210938,116.12999725341797,100.5867919921875,5150900
2019-08-21,117.79000091552734,118.22000122070312,117.33000183105469,117.87999725341797,102.10255432128906,4578400
2019-08-22,118.66000366210938,118.73999786376953,117.44999694824219,117.7300033569336,101.97264099121094,4362100
2019-08-23,116.4800033569336,118.05999755859375,114.3499984741211,115.18000030517578,99.76395416259766,7653400
2019-08-26,115.91999816894531,116.22000122070312,115.19000244140625,115.73999786376953,100.24897766113281,3966400
2019-08-27,116.2699966430664,117.02999877929688,115.04000091552734,115.83000183105469,100.32695007324219,4237100
2019-08-28,116.41000366210938,117.19999694824219,115.87999725341797,116.83000183105469,101.19310760498047,4153500
2019-08-29,117.19000244140625,117.83999633789062,116.58000183105469,117.5199966430664,101.79073333740234,4467300
2019-08-30,117.9800033569336,118.9800033569336,117.2300033569336,117.72000122070312,101.96398162841797,4881100
2019-09-03,115.7699966430664,116.33000183105469,114.55000305175781,116.2699966430664,100.70804595947266,5672500
2019-09-04,117.4800033569336,118.54000091552734,117.16999816894531,117.25,101.55689239501953,4595600
2019-09-05,118.01000213623047,119.06999969482422,117.26000213623047,117.63999938964844,101.89468383789062,5394300
2019-09-06,117.5,118.44000244140625,117.38999938964844,118.26000213623047,102.43170166015625,4578200
2019-09-09,118.73999786376953,119.62999725341797,118.58000183105469,119.38999938964844,103.41046905517578,5048000
2019-09-10,120.2300033569336,123.29000091552734,119.91000366210938,121.8499984741211,105.54120635986328,8728800
2019-09-11,122.20999908447266,122.9800033569336,120.37000274658203,121.27999877929688,105.04750061035156,5509500
2019-09-12,120.04000091552734,122.18000030517578,119.55999755859375,121.41999816894531,105.16875457763672,5818300
2019-09-13,122.25,122.31999969482422,121.23999786376953,121.5,105.23804473876953,4885400
2019-09-16,124.86000061035156,125.2699966430664,122.97000122070312,124.12000274658203,107.50737762451172,10683900
2019-09-17,124.12000274658203,124.62000274658203,122.55999755859375,123.88999938964844,107.30816650390625,7246500
2019-09-18,123.55000305175781,124.20999908447266,123.0199966430664,124.18000030517578,107.55937194824219,4801500
2019-09-19,124.7699966430664,124.97000122070312,123.41999816894531,123.66000366210938,107.10895538330078,4034500
2019-09-20,124.0,124.81999969482422,123.66999816894531,124.31999969482422,107.68061065673828,10420700
2019-09-23,123.55000305175781,125.0,123.55000305175781,124.9000015258789,108.18297576904297,4705500
2019-09-24,124.66999816894531,124.72000122070312,123.22000122070312,123.73999786376953,107.1782455444336,6232100
2019-09-25,123.4800033569336,124.1500015258789,122.91000366210938,123.51000213623047,106.9790267944336,3762500
2019-09-26,123.26000213623047,123.5,120.05000305175781,120.16000366210938,104.0774154663086,7834400
2019-09-27,119.51000213623047,120.25,118.44999694824219,118.5999984741211,102.72618865966797,6850700
2019-09-30,118.54000091552734,119.41999816894531,118.41000366210938,118.5999984741211,102.72618865966797,6108300
2019-10-01,119.2699966430664,119.45999908447266,115.87999725341797,116.01000213623047,100.48284912109375,7116600
2019-10-02,115.05999755859375,115.11000061035156,111.62000274658203,112.29000091552734,97.2607421875,9702400
2019-10-03,112.05999755859375,113.19000244140625,110.41999816894531,113.1500015258789,98.00564575195312,5315300
2019-10-04,113.5999984741211,114.0,112.55000305175781,113.8499984741211,98.61194610595703,4757300
2019-10-07,113.95999908447266,114.75,113.2300033569336,113.26000213623047,98.10090637207031,4694000
2019-10-08,112.11000061035156,112.75,111.61000061035156,111.70999908447266,96.75838470458984,5323900
2019-10-09,112.58999633789062,114.51000213623047,112.30000305175781,113.13999938964844,97.9969711303711,4601700
2019-10-10,113.52999877929688,114.79000091552734,113.30000305175781,114.58999633789062,99.25289916992188,3555500
2019-10-11,115.69000244140625,117.02999877929688,115.36000061035156,116.1500015258789,100.60409545898438,5134200
2019-10-14,115.58000183105469,116.38999938964844,115.44999694824219,116.18000030517578,100.6301040649414,2571300
2019-10-15,115.8499984741211,117.62000274658203,115.80000305175781,116.30999755859375,100.7426986694336,3742700
2019-10-16,116.2300033569336,116.66000366210938,115.08000183105469,115.11000061035156,99.70330810546875,3608900
2019-10-17,115.61000061035156,116.05999755859375,114.91999816894531,115.3499984741211,99.91117858886719,3722400
2019-10-18,115.13999938964844,115.58000183105469,114.73999786376953,114.73999786376953,99.38282775878906,5679900
2019-10-21,115.55000305175781,116.75,115.55000305175781,116.61000061035156,101.00255584716797,3926300
2019-10-22,116.62999725341797,118.55999755859375,116.48999786376953,117.80000305175781,102.03327941894531,4095000
2019-10-23,117.4000015258789,118.0199966430664,116.77999877929688,117.9800033569336,102.1891860961914,4148500
2019-10-24,118.47000122070312,118.80999755859375,117.30999755859375,117.58000183105469,101.84272766113281,3873900
2019-10-25,117.7699966430664,118.8499984741211,117.69000244140625,118.66999816894531,102.78681945800781,3369100
2019-10-28,119.08000183105469,119.51000213623047,117.63999938964844,118.4800033569336,102.62225341796875,5076300
2019-10-29,117.97000122070312,119.06999969482422,117.69000244140625,118.12999725341797,102.31910705566406,4548400
2019-10-30,118.18000030517578,118.18000030517578,115.5199966430664,116.36000061035156,100.78600311279297,4690900
2019-10-31,115.86000061035156,116.36000061035156,115.31999969482422,116.13999938964844,100.59545135498047,7177700
2019-11-01,115.48999786376953,116.62000274658203,114.0199966430664,116.20999908447266,100.65608215332031,7684700
2019-11-04,117.2300033569336,121.87000274658203,117.0199966430664,121.56999969482422,105.29867553710938,10348800
2019-11-05,121.2300033569336,122.44999694824219,120.72000122070312,121.94000244140625,105.6191635131836,6971200
2019-11-06,121.94000244140625,122.13999938964844,119.80000305175781,119.9000015258789,103.8521957397461,6104700
2019-11-07,121.12999725341797,122.0,120.31999969482422,121.88999938964844,105.57585144042969,5440700
2019-11-08,120.97000122070312,121.19999694824219,120.16000366210938,120.93000030517578,104.74434661865234,4249800
2019-11-11,120.19999694824219,121.38999938964844,120.01000213623047,120.80999755859375,104.6404037475586,3870800
2019-11-12,121.29000091552734,122.05000305175781,120.4800033569336,120.95999908447266,104.77031707763672,4503600
2019-11-13,120.45999908447266,122.41000366210938,120.37000274658203,122.27999877929688,105.91365051269531,5076400
2019-11-14,121.8499984741211,122.94000244140625,121.4000015258789,121.95999908447266,105.63648986816406,4882800
2019-11-15,121.22000122070312,121.38999938964844,120.11000061035156,120.63999938964844,105.52278137207031,5589600
2019-11-18,119.81999969482422,120.0,118.13999938964844,118.55000305175781,103.69466400146484,4885300
2019-11-19,118.5,118.80000305175781,116.08000183105469,116.44999694824219,101.85781860351562,8723000
2019-11-20,116.41000366210938,118.08000183105469,116.12000274658203,117.33999633789062,102.63628387451172,5903100
2019-11-21,117.61000061035156,118.94999694824219,117.19999694824219,118.7699966430664,103.88709259033203,5810900
2019-11-22,119.05999755859375,119.69999694824219,118.5999984741211,118.62999725341797,103.76463317871094,4786800
2019-11-25,118.43000030517578,119.22000122070312,117.9800033569336,118.37999725341797,103.54595947265625,7390000
2019-11-26,118.33999633789062,118.55999755859375,117.19999694824219,117.79000091552734,103.02989959716797,10053100
2019-11-27,117.98999786376953,118.61000061035156,117.62000274658203,118.06999969482422,103.27481079101562,4106100
2019-11-29,117.27999877929688,117.81999969482422,116.87999725341797,117.12999725341797,102.4526138305664,3271000
2019-12-02,117.9800033569336,118.06999969482422,116.72000122070312,116.80000305175781,102.16397094726562,5195200
2019-12-03,116.19999694824219,116.69999694824219,115.69999694824219,115.88999938964844,101.36798858642578,6135800
2019-12-04,116.63999938964844,117.30000305175781,116.43000030517578,116.94000244140625,102.28642272949219,5706700
2019-12-05,117.62000274658203,117.73999786376953,116.19000244140625,116.33000183105469,101.75285339355469,5517500
2019-12-06,117.08999633789062,119.29000091552734,116.9800033569336,118.01000213623047,103.22232818603516,6735300
2019-12-09,116.5199966430664,117.88999938964844,116.44000244140625,117.30000305175781,102.60128784179688,4736100
2019-12-10,118.02999877929688,118.08999633789062,117.05000305175781,117.88999938964844,103.11737823486328,4886800
2019-12-11,117.08999633789062,117.66000366210938,116.12999725341797,116.2300033569336,101.66539001464844,7039600
2019-12-12,116.58999633789062,118.88999938964844,116.58999633789062,118.80999755859375,103.92208099365234,6462000
2019-12-13,119.05000305175781,119.54000091552734,117.9000015258789,117.95999908447266,103.17860412597656,4863400
2019-12-16,118.86000061035156,119.47000122070312,118.61000061035156,119.36000061035156,104.4031753540039,5619300
2019-12-17,119.58999633789062,119.88999938964844,118.33000183105469,118.5999984741211,103.7384033203125,6755500
2019-12-18,118.68000030517578,119.63999938964844,118.5199966430664,118.55000305175781,103.69466400146484,7496700
2019-12-19,118.56999969482422,118.73999786376953,117.86000061035156,118.12999725341797,103.32730102539062,6220300
2019-12-20,119.4000015258789,119.94000244140625,118.08999633789062,119.68000030517578,104.68307495117188,12171100
2019-12-23,119.30999755859375,120.4000015258789,119.1500015258789,120.33000183105469,105.25161743164062,5875000
2019-12-24,120.43000030517578,120.77999877929688,120.08999633789062,120.33999633789062,105.26036071777344,1640100
2019-12-26,120.66999816894531,121.41999816894531,120.33999633789062,120.5999984741211,105.48778533935547,3648600
2019-12-27,120.88999938964844,121.29000091552734,120.23999786376953,120.30000305175781,105.22538757324219,4138300
2019-12-30,120.44000244140625,121.33999633789062,119.80999755859375,119.8499984741211,104.83175659179688,4580200
2019-12-31,119.5,120.62999725341797,119.25,120.51000213623047,105.40907287597656,4215700
2020-01-02,120.80999755859375,121.62999725341797,120.7699966430664,121.43000030517578,106.2137680053711,5205000
2020-01-03,121.77999877929688,122.72000122070312,120.73999786376953,121.01000213623047,105.84642028808594,6360900
2020-01-06,121.23999786376953,121.66999816894531,120.33000183105469,120.5999984741211,105.48778533935547,9953000
2020-01-07,119.0199966430664,119.7300033569336,117.7699966430664,119.05999755859375,104.1407470703125,7856900
2020-01-08,118.55000305175781,119.08999633789062,117.6500015258789,117.69999694824219,102.95117950439453,7295900
2020-01-09,117.58999633789062,117.91999816894531,116.18000030517578,117.51000213623047,102.78498077392578,7345300
2020-01-10,117.5199966430664,117.69000244140625,116.4000015258789,116.44000244140625,101.84906005859375,6393800
2020-01-13,116.47000122070312,116.91000366210938,116.08000183105469,116.66000366210938,102.04151153564453,6846700
2020-01-14,116.5,116.87999725341797,115.70999908447266,116.30000305175781,101.72661590576172,7189100
2020-01-15,116.30000305175781,116.41000366210938,115.6500015258789,116.12999725341797,101.57791900634766,5808800
2020-01-16,116.55999755859375,117.27999877929688,116.44999694824219,116.88999938964844,102.24266815185547,7022000
2020-01-17,117.01000213623047,117.29000091552734,115.5199966430664,115.58000183105469,101.09683990478516,7885900
2020-01-21,115.0999984741211,115.1500015258789,113.16999816894531,113.30999755859375,99.11128234863281,8470300
2020-01-22,113.0999984741211,113.52999877929688,112.45999908447266,112.9000015258789,98.7526626586914,5589900
2020-01-23,112.4000015258789,113.48999786376953,111.86000061035156,113.0999984741211,98.9275894165039,8007800
2020-01-24,112.79000091552734,112.9800033569336,111.33999633789062,111.8499984741211,97.83424377441406,6920000
2020-01-27,110.25,110.83000183105469,109.9800033569336,110.38999938964844,96.55718994140625,7609800
2020-01-28,110.9800033569336,111.62000274658203,110.7699966430664,111.12000274658203,97.19571685791016,5771900
2020-01-29,111.44999694824219,111.83999633789062,110.18000030517578,110.37000274658203,96.53968811035156,4772800
2020-01-30,109.80999755859375,111.58000183105469,109.05999755859375,111.4000015258789,97.44062805175781,8382700
2020-01-31,109.80999755859375,110.0,106.4000015258789,107.13999938964844,93.71444702148438,13699600
2020-02-03,106.94999694824219,107.25,105.4000015258789,106.27999877929688,92.96220397949219,8785500
2020-02-04,107.68000030517578,108.33999633789062,106.5999984741211,106.8499984741211,93.46078491210938,9909000
2020-02-05,108.2699966430664,110.6500015258789,108.11000061035156,110.27999877929688,96.46097564697266,6914100
2020-02-06,110.62999725341797,110.66999816894531,109.11000061035156,109.48999786376953,95.76995849609375,6274000
2020-02-07,108.93000030517578,109.44000244140625,108.47000122070312,108.94000244140625,95.28887176513672,4830100
2020-02-10,108.54000091552734,109.80000305175781,108.31999969482422,109.79000091552734,96.03235626220703,6011800
2020-02-11,110.77999877929688,111.37000274658203,110.05999755859375,111.20999908447266,97.2744140625,6072700
2020-02-12,112.51000213623047,112.5999984741211,111.61000061035156,112.04000091552734,98.00042724609375,5725700
2020-02-13,111.37000274658203,112.33000183105469,111.2300033569336,111.66000366210938,97.66805267333984,5991900
2020-02-14,110.83999633789062,110.97000122070312,109.58000183105469,110.08000183105469,97.41142272949219,5148700
2020-02-18,109.0,110.2699966430664,108.83000183105469,110.23999786376953,97.55300903320312,4975800
2020-02-19,110.5199966430664,111.0999984741211,109.88999938964844,110.73999786376953,97.99545288085938,5887500
2020-02-20,110.77999877929688,111.06999969482422,109.69999694824219,109.80999755859375,97.17249298095703,4466600
2020-02-21,108.98999786376953,109.19000244140625,107.6500015258789,109.01000213623047,96.46456146240234,6443900
2020-02-24,105.70999908447266,106.95999908447266,104.41999816894531,104.70999908447266,92.659423828125,9539800
2020-02-25,104.80000305175781,104.91999816894531,100.0,100.70999908447266,89.11975860595703,12871900
2020-02-26,100.86000061035156,101.61000061035156,98.0,98.04000091552734,86.7570571899414,11990400
2020-02-27,95.94999694824219,98.19999694824219,94.08000183105469,94.12999725341797,83.2970199584961,15783700
2020-02-28,90.62999725341797,93.44000244140625,90.11000061035156,93.33999633789062,82.59793853759766,20835100
2020-03-02,94.0199966430664,96.68000030517578,92.20999908447266,96.58999633789062,85.47390747070312,15050800
2020-03-03,96.79000091552734,98.4800033569336,93.37000274658203,94.38999938964844,83.52711486816406,16525500
2020-03-04,96.37000274658203,99.0199966430664,95.66999816894531,98.52999877929688,87.19064331054688,14753000
2020-03-05,95.70999908447266,97.38999938964844,94.94000244140625,97.19000244140625,86.0048828125,12814400
2020-03-06,93.91999816894531,96.05999755859375,93.41999816894531,95.31999969482422,84.3500747680664,16861900
2020-03-09,82.2300033569336,88.01000213623047,80.0,80.66999816894531,71.38607788085938,30595500
2020-03-10,86.23999786376953,86.30000305175781,81.04000091552734,84.9800033569336,75.20006561279297,22642900
2020-03-11,82.2300033569336,84.83999633789062,81.75,83.02999877929688,73.47447204589844,18412800
2020-03-12,77.2300033569336,78.12999725341797,72.86000061035156,76.26000213623047,67.48359680175781,25768200
2020-03-13,79.9800033569336,83.5,74.11000061035156,83.41999816894531,73.819580078125,23497500
2020-03-16,72.56999969482422,78.48999786376953,69.69000244140625,69.69999694824219,61.67854690551758,17535300
2020-03-17,70.4000015258789,72.9800033569336,65.48999786376953,70.69000244140625,62.554622650146484,22684200
2020-03-18,66.20999908447266,66.2300033569336,54.56999969482422,55.04999923706055,48.71455383300781,24947300
2020-03-19,55.2599983215332,58.4900016784668,51.599998474121094,57.38999938964844,50.78525924682617,29871000
2020-03-20,59.529998779296875,60.650001525878906,56.36000061035156,59.38999938964844,52.55509567260742,26960400
2020-03-23,58.2599983215332,59.400001525878906,52.970001220703125,54.220001220703125,47.98007583618164,23764000
2020-03-24,61.47999954223633,67.6500015258789,60.31999969482422,66.55000305175781,58.891082763671875,29198800
2020-03-25,68.29000091552734,73.13999938964844,66.63999938964844,69.2699966430664,61.298038482666016,22560100
2020-03-26,70.30000305175781,77.0999984741211,67.88999938964844,76.37999725341797,67.58977508544922,24129100
2020-03-27,72.12000274658203,73.54000091552734,68.5,68.77999877929688,60.86442947387695,20411500
2020-03-30,68.01000213623047,72.93000030517578,67.0199966430664,71.94999694824219,63.66961669921875,18486800
2020-03-31,73.2699966430664,75.04000091552734,70.80999755859375,72.45999908447266,64.12091827392578,18514200
2020-04-01,69.51000213623047,72.29000091552734,67.61000061035156,68.55999755859375,60.669761657714844,14362000
2020-04-02,71.75,78.69999694824219,69.58000183105469,76.12000274658203,67.35971069335938,23220600
2020-04-03,78.0,78.98999786376953,73.02999877929688,75.11000061035156,66.4659423828125,14905400
2020-04-06,77.0,80.94999694824219,75.51000213623047,80.38999938964844,71.13829803466797,17334900
2020-04-07,84.26000213623047,85.69000244140625,80.8499984741211,80.91999816894531,71.60729217529297,16394800
2020-04-08,82.29000091552734,86.30000305175781,81.5199966430664,85.9800033569336,76.08496856689453,12284800
2020-04-09,88.73999786376953,89.91000366210938,81.5199966430664,84.30999755859375,74.60717010498047,17023800
2020-04-13,87.18000030517578,87.36000061035156,83.4000015258789,84.91000366210938,75.13811492919922,13854700
2020-04-14,85.45999908447266,87.08000183105469,84.33000183105469,84.61000061035156,74.87264251708984,14797600
2020-04-15,80.45999908447266,83.37999725341797,79.31999969482422,82.48999786376953,72.99661254882812,13982300
2020-04-16,81.30999755859375,82.19000244140625,78.80999755859375,79.98999786376953,70.78433227539062,12291900
2020-04-17,81.33000183105469,87.5,81.31999969482422,87.16999816894531,77.13801574707031,16130100
2020-04-20,82.66000366210938,87.0,82.08999633789062,83.56999969482422,73.95233154296875,15749000
2020-04-21,80.27999877929688,83.79000091552734,79.25,81.63999938964844,72.24443817138672,19620600
2020-04-22,84.94999694824219,85.25,82.97000122070312,84.44000244140625,74.72221374511719,10320700
2020-04-23,86.30000305175781,88.77999877929688,85.38999938964844,86.80000305175781,76.81060028076172,14226500
2020-04-24,88.4800033569336,88.79000091552734,85.7699966430664,87.01000213623047,76.99644470214844,9175500
2020-04-27,86.75,90.62000274658203,85.87000274658203,89.70999908447266,79.38571166992188,12037100
2020-04-28,89.55000305175781,90.95999908447266,88.83000183105469,89.91000366210938,79.56269073486328,10645200
2020-04-29,92.4800033569336,95.13999938964844,92.29000091552734,94.62000274658203,83.73063659667969,12342800
2020-04-30,93.72000122070312,95.73999786376953,90.58000183105469,92.0,81.41214752197266,12222000
2020-05-01,91.51000213623047,92.05000305175781,87.04000091552734,89.44000244140625,79.14678192138672,13250100
2020-05-04,88.76000213623047,91.62000274658203,87.69000244140625,91.44000244140625,80.91661071777344,11192400
2020-05-05,94.5,95.30000305175781,92.68000030517578,92.88999938964844,82.1997299194336,13608700
2020-05-06,92.8499984741211,93.45999908447266,89.7699966430664,90.05000305175781,79.68657684326172,11145900
2020-05-07,92.9800033569336,94.05999755859375,91.91000366210938,92.63999938964844,81.97850799560547,9749600
2020-05-08,95.0,95.55999755859375,94.06999969482422,95.47000122070312,84.4828109741211,8585900
2020-05-11,94.20999908447266,94.5999984741211,93.18000030517578,93.37000274658203,82.6244888305664,7101000
2020-05-12,93.12999725341797,94.02999877929688,91.0,91.0999984741211,80.6157455444336,8749100
2020-05-13,89.9000015258789,90.0,87.31999969482422,88.69999694824219,78.491943359375,12215100
2020-05-14,87.29000091552734,90.93000030517578,86.0199966430664,90.05000305175781,79.68657684326172,10678200
2020-05-15,90.6500015258789,92.05999755859375,88.83000183105469,89.16000366210938,78.89900207519531,10113000
2020-05-18,92.4000015258789,93.4000015258789,91.45999908447266,92.55000305175781,83.1011962890625,12304300
2020-05-19,92.52999877929688,92.62999725341797,89.52999877929688,89.62000274658203,80.4703369140625,7749300
2020-05-20,91.0,93.47000122070312,90.18000030517578,93.0,83.50526428222656,9160000
2020-05-21,92.7699966430664,93.37000274658203,91.27999877929688,92.04000091552734,82.64326477050781,8830900
2020-05-22,91.44999694824219,91.5999984741211,89.47000122070312,90.27999877929688,81.06295776367188,8563100
2020-05-26,92.48999786376953,94.33999633789062,92.02999877929688,93.30000305175781,83.77462768554688,9430000
2020-05-27,94.68000030517578,94.69000244140625,92.11000061035156,93.9000015258789,84.3133773803711,7822600
2020-05-28,93.61000061035156,93.9000015258789,90.79000091552734,90.87000274658203,81.59272003173828,9633300
2020-05-29,90.19000244140625,91.88999938964844,89.26000213623047,91.69999694824219,82.3379898071289,17010000
2020-06-01,90.94000244140625,93.8499984741211,90.11000061035156,92.79000091552734,83.31669616699219,7344000
2020-06-02,93.77999877929688,95.22000122070312,93.29000091552734,94.69000244140625,85.02272033691406,7880300
2020-06-03,95.97000122070312,97.7300033569336,95.75,97.18000030517578,87.25851440429688,8440200
2020-06-04,96.77999877929688,96.88999938964844,95.16000366210938,96.27999877929688,86.45038604736328,6371700
2020-06-05,99.08000183105469,102.05000305175781,99.05000305175781,100.80999755859375,90.51789093017578,12760100
2020-06-08,102.62999725341797,103.58999633789062,100.87000274658203,103.23999786376953,92.69981384277344,11090700
2020-06-09,100.69999694824219,102.93000030517578,99.83000183105469,101.52999877929688,91.16439819335938,10745400
2020-06-10,101.0,101.5,97.55999755859375,97.58000183105469,87.61766815185547,10486300
2020-06-11,92.30000305175781,94.19000244140625,89.12000274658203,89.37000274658203,80.24586486816406,14944800
2020-06-12,93.62000274658203,93.6500015258789,90.01000213623047,92.38999938964844,82.95753479003906,9532400
2020-06-15,89.08999633789062,92.08000183105469,88.20999908447266,91.2300033569336,81.91596984863281,12289500
2020-06-16,94.98999786376953,95.58000183105469,91.48999786376953,94.02999877929688,84.43009185791016,8726700
2020-06-17,93.83000183105469,94.0,91.5,91.54000091552734,82.1943130493164,6019900
2020-06-18,91.0,93.2300033569336,90.0999984741211,91.94000244140625,82.55348205566406,7064100
2020-06-19,94.41000366210938,94.41000366210938,90.55000305175781,90.62999725341797,81.37722778320312,14838800
2020-06-22,90.31999969482422,91.69000244140625,89.58999633789062,91.58999633789062,82.23919677734375,5939200
2020-06-23,92.5,93.08999633789062,91.18000030517578,91.44000244140625,82.10453033447266,6317700
2020-06-24,89.98999786376953,90.12999725341797,86.86000061035156,87.63999938964844,78.69249725341797,8974500
2020-06-25,87.30999755859375,89.51000213623047,87.16000366210938,89.20999908447266,80.10218811035156,7398000
2020-06-26,88.77999877929688,88.83000183105469,86.18000030517578,86.45999908447266,77.6329574584961,13766000
2020-06-29,86.91000366210938,88.56999969482422,86.5999984741211,87.66999816894531,78.71941375732422,7022200
2020-06-30,86.5999984741211,89.98999786376953,86.36000061035156,89.2300033569336,80.12015533447266,8263600
2020-07-01,89.27999877929688,90.7699966430664,87.55000305175781,87.62000274658203,78.6745376586914,6379400
2020-07-02,89.37000274658203,90.36000061035156,88.16000366210938,88.30999755859375,79.2940902709961,5832800
2020-07-06,89.5,90.25,87.81999969482422,88.56999969482422,79.52754211425781,6747500
2020-07-07,87.81999969482422,88.08000183105469,86.1500015258789,86.30999755859375,77.4982681274414,5898000
2020-07-08,86.38999938964844,87.80000305175781,85.88999938964844,86.3499984741211,77.5341796875,6736400
2020-07-09,85.97000122070312,86.31999969482422,82.69000244140625,82.73999786376953,74.2927474975586,8833600
2020-07-10,82.5,85.41999816894531,82.5,85.2300033569336,76.52852630615234,6218100
2020-07-13,86.04000091552734,86.93000030517578,84.80999755859375,85.4000015258789,76.6811752319336,7074000
2020-07-14,85.38999938964844,88.5999984741211,85.04000091552734,88.3499984741211,79.32998657226562,7440500
2020-07-15,90.18000030517578,90.19000244140625,88.20999908447266,88.88999938964844,79.81486511230469,5935200
2020-07-16,88.44000244140625,89.4800033569336,87.3499984741211,88.36000061035156,79.3389663696289,4795700
2020-07-17,88.41000366210938,89.11000061035156,86.91000366210938,87.19000244140625,78.28842163085938,5964000
2020-07-20,86.83000183105469,87.48999786376953,84.80000305175781,85.2699966430664,76.56444549560547,14974800
2020-07-21,86.47000122070312,91.7300033569336,86.36000061035156,91.38999938964844,82.05962371826172,15115000
2020-07-22,89.94999694824219,91.25,88.9000015258789,91.04000091552734,81.74536895751953,10317500
2020-07-23,90.5,91.37999725341797,90.0199966430664,91.01000213623047,81.71843719482422,6586300
2020-07-24,91.4800033569336,92.73999786376953,89.9800033569336,90.12999725341797,80.92826843261719,6620500
2020-07-27,89.76000213623047,91.08999633789062,88.80000305175781,91.04000091552734,81.74536895751953,7599700
2020-07-28,90.47000122070312,91.16999816894531,88.7699966430664,89.11000061035156,80.01240539550781,6787300
2020-07-29,89.4800033569336,90.08000183105469,88.58000183105469,90.06999969482422,80.8743896484375,6386900
2020-07-30,88.43000030517578,88.5,85.69999694824219,86.2699966430664,77.46234130859375,10112800
2020-07-31,83.25,84.0999984741211,81.51000213623047,83.94000244140625,75.3702392578125,19119800
2020-08-03,83.9800033569336,85.13999938964844,83.80000305175781,84.80999755859375,76.15141296386719,11220100
2020-08-04,84.4800033569336,86.72000122070312,84.27999877929688,86.48999786376953,77.6598892211914,9077900
2020-08-05,88.13999938964844,88.43000030517578,86.41000366210938,87.19999694824219,78.29741668701172,7324200
2020-08-06,86.43000030517578,87.9000015258789,86.0999984741211,87.47000122070312,78.53982543945312,7035600
2020-08-07,86.87999725341797,87.11000061035156,85.73999786376953,86.80000305175781,77.93824005126953,7185000
2020-08-10,87.94000244140625,89.76000213623047,87.5999984741211,89.7300033569336,80.5691146850586,8150200
2020-08-11,91.94999694824219,93.01000213623047,89.16999816894531,89.62000274658203,80.4703369140625,9074300
2020-08-12,90.80000305175781,91.66000366210938,89.44999694824219,90.72000122070312,81.45803833007812,9057400
2020-08-13,89.87000274658203,91.27999877929688,89.76000213623047,89.81999969482422,80.64991760253906,7314600
2020-08-14,89.0,90.58999633789062,88.8499984741211,90.3499984741211,81.12580871582031,6343000
2020-08-17,90.3499984741211,91.58000183105469,89.72000122070312,90.7699966430664,81.5029296875,10473800
2020-08-18,88.97000122070312,89.37000274658203,87.31999969482422,87.62999725341797,79.81785583496094,7981500
2020-08-19,87.30000305175781,87.9000015258789,86.19999694824219,86.38999938964844,78.68840026855469,9120300
2020-08-20,85.41999816894531,86.88999938964844,84.7300033569336,84.80999755859375,77.24925231933594,7872300
2020-08-21,84.66999816894531,85.08999633789062,83.51000213623047,85.08000183105469,77.49517822265625,9003600
2020-08-24,85.5999984741211,87.33999633789062,84.88999938964844,87.19999694824219,79.42620086669922,8738700
2020-08-25,88.01000213623047,88.04000091552734,85.76000213623047,86.12999725341797,78.45157623291016,6835800
2020-08-26,85.70999908447266,85.83999633789062,84.66000366210938,84.77999877929688,77.22193145751953,7486500
2020-08-27,85.16000366210938,85.62999725341797,83.97000122070312,84.91000366210938,77.34034729003906,7438200
2020-08-28,85.05000305175781,85.7300033569336,84.31999969482422,85.62999725341797,77.99615478515625,7307900
2020-08-31,85.83000183105469,85.9000015258789,83.87000274658203,83.93000030517578,76.44771575927734,9437500
2020-09-01,83.26000213623047,83.62999725341797,82.44999694824219,83.08000183105469,75.67349243164062,8990600
2020-09-02,83.05999755859375,83.95999908447266,82.69999694824219,83.19000244140625,75.77368927001953,10821900
2020-09-03,83.05000305175781,84.48999786376953,81.70999908447266,82.27999877929688,74.94480895996094,16179900
2020-09-04,82.45999908447266,83.63999938964844,80.9000015258789,81.93000030517578,74.62600708007812,10516600
2020-09-08,80.5,80.58000183105469,78.04000091552734,78.97000122070312,71.92989349365234,14942500
2020-09-09,79.97000122070312,81.06999969482422,79.68000030517578,80.02999877929688,72.89539337158203,9269800
2020-09-10,80.62999725341797,80.88999938964844,78.05000305175781,78.1500015258789,71.18299102783203,11845900
2020-09-11,78.23999786376953,78.69000244140625,77.06999969482422,77.69000244140625,70.76399993896484,13732400
2020-09-14,77.4800033569336,77.9800033569336,76.91999816894531,77.29000091552734,70.39966583251953,8182800
2020-09-15,77.55999755859375,78.4800033569336,75.95999908447266,76.3499984741211,69.54344940185547,11732000
2020-09-16,76.3499984741211,79.4800033569336,75.95999908447266,78.55999755859375,71.55644226074219,13019000
2020-09-17,77.52999877929688,78.8499984741211,76.37000274658203,78.79000091552734,71.76593780517578,10515100
2020-09-18,77.87999725341797,79.1500015258789,77.5,78.20999908447266,71.23764038085938,14517800
2020-09-21,76.23999786376953,76.6500015258789,74.68000030517578,76.30000305175781,69.49790954589844,16199100
2020-09-22,76.1500015258789,77.52999877929688,75.3499984741211,75.52999877929688,68.79656219482422,9155000
2020-09-23,75.58999633789062,75.91000366210938,71.8499984741211,71.94999694824219,65.53572082519531,16649200
2020-09-24,71.25,73.02999877929688,70.5,71.80000305175781,65.39909362792969,15203500
2020-09-25,71.01000213623047,72.4800033569336,70.7699966430664,71.83000183105469,65.4264144897461,11070500
2020-09-28,73.63999938964844,74.76000213623047,73.1500015258789,73.93000030517578,67.33918762207031,12863800
2020-09-29,74.0,74.13999938964844,71.11000061035156,71.9000015258789,65.49018096923828,10553000
2020-09-30,72.25,72.88999938964844,71.61000061035156,72.0,65.58126068115234,10466500
2020-10-01,71.51000213623047,71.87999725341797,70.02999877929688,70.41999816894531,64.1421127319336,14930700
2020-10-02,68.91999816894531,71.66999816894531,68.81999969482422,71.19000244140625,64.84347534179688,9854800
2020-10-05,71.5199966430664,72.7300033569336,70.70999908447266,72.69999694824219,66.21885681152344,12049800
2020-10-06,73.83999633789062,74.31999969482422,72.25,72.30000305175781,65.8545150756836,15294500
2020-10-07,72.16999816894531,73.91999816894531,71.55999755859375,73.77999877929688,67.20256805419922,15410300
2020-10-08,74.38999938964844,75.55000305175781,73.98999786376953,75.22000122070312,68.51420593261719,11590900
2020-10-09,75.86000061035156,76.08999633789062,73.9800033569336,74.0,67.40296173095703,12260900
2020-10-12,73.62999725341797,74.94999694824219,73.19999694824219,74.51000213623047,67.86750793457031,9056900
2020-10-13,74.73999786376953,74.73999786376953,72.77999877929688,73.4000015258789,66.85645294189453,10440300
2020-10-14,73.27999877929688,74.43000030517578,72.91000366210938,72.94999694824219,66.44656372070312,7057500
2020-10-15,71.81999969482422,73.72000122070312,71.38999938964844,73.51000213623047,66.9566421508789,10052100
2020-10-16,73.5199966430664,74.02999877929688,72.2699966430664,72.88999938964844,66.39191436767578,9305600
2020-10-19,73.11000061035156,73.33999633789062,71.19000244140625,71.27999877929688,64.92544555664062,8357100
2020-10-20,71.91000366210938,72.29000091552734,71.04000091552734,71.68000030517578,65.28977966308594,7753200
2020-10-21,71.12999725341797,71.58000183105469,70.7300033569336,70.87000274658203,64.552001953125,9800600
2020-10-22,70.87999725341797,73.48999786376953,70.56999969482422,73.4000015258789,66.85645294189453,9810100
2020-10-23,73.93000030517578,74.36000061035156,71.83000183105469,72.56999969482422,66.1004409790039,8727200
2020-10-26,71.7300033569336,71.88999938964844,70.23999786376953,70.94000244140625,64.61575317382812,9710900
2020-10-27,70.41999816894531,70.5999984741211,69.48999786376953,69.51000213623047,63.313236236572266,14251700
2020-10-28,67.69000244140625,68.08000183105469,66.33000183105469,66.87999725341797,60.91769027709961,15961900
2020-10-29,66.12999725341797,69.13999938964844,65.16000366210938,68.80000305175781,62.66653823852539,12292200
2020-10-30,69.9000015258789,70.11000061035156,68.08000183105469,69.5,63.30413055419922,17191600
2020-11-02,70.69999694824219,73.08000183105469,69.4000015258789,72.1500015258789,65.71788024902344,11475500
2020-11-03,73.16000366210938,73.30000305175781,71.05000305175781,71.73999786376953,65.34443664550781,8608000
2020-11-04,70.77999877929688,73.58999633789062,69.88999938964844,71.7699966430664,65.37175750732422,10925700
2020-11-05,71.9000015258789,72.97000122070312,71.76000213623047,72.13999938964844,65.70877838134766,10627700
2020-11-06,72.5,73.2699966430664,70.83000183105469,71.1500015258789,64.80703735351562,8366900
2020-11-09,80.0,84.2699966430664,78.26000213623047,79.4000015258789,72.3215560913086,24015200
2020-11-10,81.13999938964844,83.1500015258789,79.70999908447266,83.06999969482422,75.66438293457031,15039700
2020-11-11,84.0999984741211,84.48999786376953,81.80000305175781,82.45999908447266,75.10875701904297,11640600
2020-11-12,80.9800033569336,82.23999786376953,79.91000366210938,80.66999816894531,73.47833251953125,8920700
2020-11-13,81.1500015258789,83.3499984741211,81.02999877929688,83.02999877929688,75.62793731689453,10890300
2020-11-16,86.23999786376953,89.18000030517578,85.54000091552734,88.95999908447266,81.02928924560547,18980200
2020-11-17,86.4000015258789,87.52999877929688,84.83000183105469,87.04000091552734,80.44700622558594,14329000
2020-11-18,87.37000274658203,87.9000015258789,84.25,84.27999877929688,77.89606475830078,10583700
2020-11-19,83.55000305175781,85.95999908447266,83.05999755859375,85.7300033569336,79.23623657226562,8820200
2020-11-20,85.72000122070312,86.30999755859375,84.87999725341797,85.79000091552734,79.29168701171875,8294600
2020-11-23,87.44999694824219,91.58000183105469,86.76000213623047,91.02999877929688,84.13477325439453,13379300
2020-11-24,93.38999938964844,95.81999969482422,93.0,95.62000274658203,88.37710571289062,17257400
2020-11-25,94.68000030517578,94.68000030517578,92.13999938964844,92.13999938964844,85.16070556640625,10556600
2020-11-27,91.33000183105469,92.58999633789062,90.54000091552734,91.30999755859375,84.39356994628906,4627700
2020-11-30,90.01000213623047,90.8499984741211,86.9000015258789,87.18000030517578,80.57640075683594,14288400
2020-12-01,89.27999877929688,89.70999908447266,87.06999969482422,87.44999694824219,80.82595825195312,9913600
2020-12-02,87.26000213623047,91.30999755859375,87.0999984741211,89.87000274658203,83.06265258789062,10509600
2020-12-03,90.58000183105469,91.11000061035156,89.06999969482422,89.80000305175781,82.9979476928711,8249800
2020-12-04,91.22000122070312,93.44999694824219,90.91999816894531,93.27999877929688,86.21434783935547,10791100
2020-12-07,91.81999969482422,92.37999725341797,89.87999725341797,90.76000213623047,83.88523864746094,9398400
2020-12-08,90.33999633789062,92.45999908447266,90.19000244140625,91.54000091552734,84.60614776611328,7627300
2020-12-09,92.19999694824219,93.0199966430664,89.37000274658203,90.44000244140625,83.5894775390625,11129400
2020-12-10,91.55000305175781,94.55999755859375,90.77999877929688,93.3499984741211,86.27904510498047,11992100
2020-12-11,92.52999877929688,93.27999877929688,91.02999877929688,92.44999694824219,85.44721221923828,9584500
2020-12-14,93.4000015258789,93.69999694824219,89.23999786376953,89.44000244140625,82.66521453857422,12198400
2020-12-15,89.41999816894531,90.4800033569336,88.7699966430664,89.37000274658203,82.60053253173828,11775300
2020-12-16,89.19999694824219,89.3499984741211,87.8499984741211,88.69000244140625,81.97203063964844,9892900
2020-12-17,89.54000091552734,89.55000305175781,87.55000305175781,88.41000366210938,81.7132339477539,11748900
2020-12-18,87.9800033569336,88.70999908447266,86.26000213623047,87.19000244140625,80.58563995361328,27427600
2020-12-21,84.3499984741211,86.83999633789062,83.52999877929688,86.08999633789062,79.5689697265625,11430500
2020-12-22,85.44000244140625,85.80000305175781,84.30000305175781,84.36000061035156,77.97001647949219,8585800
2020-12-23,85.0,86.66000366210938,85.0,85.69000244140625,79.19927978515625,7223100
2020-12-24,85.93000030517578,85.93000030517578,84.80999755859375,85.33000183105469,78.86654663085938,3335600
2020-12-28,85.61000061035156,86.62999725341797,84.62000274658203,84.9000015258789,78.46910858154297,8051900
2020-12-29,85.26000213623047,85.72000122070312,84.05000305175781,84.61000061035156,78.20106506347656,7670800
2020-12-30,84.61000061035156,86.58000183105469,84.54000091552734,85.33000183105469,78.86654663085938,7901800
2020-12-31,84.9000015258789,85.19999694824219,83.95999908447266,84.44999694824219,78.05319213867188,8350700
2021-01-04,85.1500015258789,85.94999694824219,83.88999938964844,84.70999908447266,78.29349517822266,9234900
2021-01-05,85.48999786376953,89.22000122070312,85.31999969482422,87.0,80.41004180908203,13414800
2021-01-06,89.0,90.77999877929688,87.81999969482422,89.80000305175781,82.9979476928711,13916800
2021-01-07,90.38999938964844,90.81999969482422,89.30999755859375,90.22000122070312,83.38613891601562,9286600
2021-01-08,92.08000183105469,92.43000030517578,90.44999694824219,91.08000183105469,84.18099212646484,11152100
2021-01-11,89.12000274658203,92.0999984741211,88.56999969482422,91.5999984741211,84.66160583496094,10635000
2021-01-12,92.66000366210938,93.91999816894531,91.70999908447266,93.33999633789062,86.26980590820312,10923900
2021-01-13,93.19999694824219,93.5199966430664,91.94000244140625,93.25,86.1866226196289,9723300
2021-01-14,93.94000244140625,96.31999969482422,93.79000091552734,95.48999786376953,88.25695037841797,13950200
2021-01-15,94.22000122070312,94.30999755859375,91.70999908447266,92.08999633789062,85.11447143554688,10244600
2021-01-19,93.5,95.02999877929688,93.29000091552734,94.51000213623047,87.35118865966797,9574800
2021-01-20,95.0,95.55999755859375,94.30000305175781,95.37999725341797,88.1552734375,8735400
2021-01-21,93.86000061035156,94.66000366210938,91.22000122070312,92.01000213623047,85.0405502319336,10393100
2021-01-22,90.4000015258789,92.02999877929688,89.83000183105469,91.7300033569336,84.78175354003906,7810600
2021-01-25,90.62000274658203,91.02999877929688,89.33000183105469,90.9000015258789,84.01463317871094,7689400
2021-01-26,92.19999694824219,92.91000366210938,89.2699966430664,89.36000061035156,82.5912857055664,7827800
2021-01-27,87.52999877929688,90.3499984741211,86.75,88.19999694824219,81.5191421508789,10178500
2021-01-28,88.66999816894531,90.1500015258789,88.25,89.0199966430664,82.27703094482422,8155500
2021-01-29,86.83000183105469,87.33999633789062,84.91999816894531,85.19999694824219,78.74638366699219,14699800
2021-02-01,85.98999786376953,87.30000305175781,84.56999969482422,86.41000366210938,79.86473846435547,8073600
2021-02-02,88.01000213623047,88.37000274658203,86.52999877929688,87.05999755859375,80.46549224853516,9233100
2021-02-03,87.05000305175781,89.38999938964844,86.88999938964844,88.95999908447266,82.2215805053711,9256500
2021-02-04,89.51000213623047,89.6500015258789,87.94999694824219,89.0,82.258544921875,7917600
2021-02-05,89.94000244140625,90.47000122070312,88.63999938964844,89.26000213623047,82.49884796142578,8017300
2021-02-08,90.29000091552734,92.04000091552734,90.01000213623047,91.4800033569336,84.55069732666016,9886600
2021-02-09,91.0999984741211,91.2699966430664,89.80999755859375,90.95999908447266,84.07008361816406,7605500
2021-02-10,91.37999725341797,92.58999633789062,90.5999984741211,92.5199966430664,85.51191711425781,8778800
2021-02-11,92.37000274658203,92.44000244140625,90.08000183105469,92.0199966430664,85.0497817993164,8572400
2021-02-12,91.52999877929688,92.7300033569336,91.3499984741211,92.55000305175781,85.53964233398438,7858300
2021-02-16,93.05000305175781,93.86000061035156,92.61000061035156,93.12999725341797,87.29242706298828,14006000
2021-02-17,95.41999816894531,96.72000122070312,94.19999694824219,95.91999816894531,89.90754699707031,14342300
2021-02-18,95.75,95.77999877929688,94.30000305175781,95.0,89.04521942138672,9030600
2021-02-19,95.12999725341797,96.37999725341797,94.6500015258789,95.80000305175781,89.79507446289062,8913900
2021-02-22,96.98999786376953,99.63999938964844,96.45999908447266,98.38999938964844,92.22274017333984,13178700
2021-02-23,99.97000122070312,100.16000366210938,96.80000305175781,99.62999725341797,93.385009765625,14874000
2021-02-24,100.33000183105469,104.04000091552734,99.80999755859375,103.30999755859375,96.8343276977539,16116000
2021-02-25,104.9000015258789,104.95999908447266,101.58999633789062,102.3499984741211,95.93449401855469,13219200
2021-02-26,100.30000305175781,101.05999755859375,97.61000061035156,100.0,93.7318115234375,14454100
2021-03-01,102.45999908447266,103.80000305175781,101.4000015258789,102.05000305175781,95.65331268310547,10439900
2021-03-02,101.88999938964844,103.30999755859375,101.70999908447266,102.44000244140625,96.01886749267578,10643500
2021-03-03,103.41000366210938,105.75,103.4000015258789,103.58999633789062,97.09676361083984,14958200
2021-03-04,104.5199966430664,107.58000183105469,103.12999725341797,104.5,97.94973754882812,22994200
2021-03-05,106.95999908447266,109.12999725341797,106.1500015258789,109.0,102.16767883300781,23638200
2021-03-08,109.86000061035156,110.43000030517578,108.05999755859375,109.75,102.87065887451172,18033600
2021-03-09,109.06999969482422,110.69000244140625,107.87999725341797,109.5,102.6363296508789,19010700
2021-03-10,110.19999694824219,112.01000213623047,109.69999694824219,111.37000274658203,104.38910675048828,17389900
2021-03-11,111.6500015258789,112.55000305175781,110.88999938964844,111.19000244140625,104.22039794921875,10989500
2021-03-12,111.63999938964844,112.69999694824219,110.72000122070312,111.55999755859375,104.56719970703125,10930300
2021-03-15,111.52999877929688,111.91000366210938,108.88999938964844,110.25,103.33932495117188,10488000
2021-03-16,108.52999877929688,108.87999725341797,107.08000183105469,107.63999938964844,100.8929214477539,11698400
2021-03-17,107.20999908447266,108.55999755859375,106.5999984741211,108.02999877929688,101.25846862792969,9168600
2021-03-18,107.01000213623047,107.52999877929688,103.70999908447266,104.12000274658203,97.59355926513672,13246600
2021-03-19,103.94000244140625,104.88999938964844,102.73999786376953,103.37999725341797,96.89993286132812,18491000
2021-03-22,103.05999755859375,104.5,102.30999755859375,102.54000091552734,96.11259460449219,12508500
2021-03-23,101.44999694824219,104.30000305175781,100.69000244140625,101.97000122070312,95.57832336425781,14781700
2021-03-24,102.98999786376953,105.76000213623047,102.91000366210938,104.69999694824219,98.13719940185547,11026800
2021-03-25,102.8499984741211,105.26000213623047,102.06999969482422,105.06999969482422,98.48401641845703,11138200
2021-03-26,106.54000091552734,107.54000091552734,105.36000061035156,107.4800033569336,100.7429428100586,9820200
2021-03-29,106.4000015258789,107.52999877929688,105.69999694824219,106.91999816894531,100.21804809570312,7542300
2021-03-30,106.05999755859375,106.83000183105469,105.58999633789062,105.93000030517578,99.29010772705078,6284600
2021-03-31,105.55000305175781,106.22000122070312,104.5999984741211,104.79000091552734,98.2215576171875,8954400
2021-04-01,105.26000213623047,105.86000061035156,104.20999908447266,105.75,99.12138366699219,8515800
2021-04-05,105.7300033569336,105.83000183105469,104.16999816894531,104.51000213623047,97.95911407470703,8692700
2021-04-06,104.25,105.08000183105469,103.44999694824219,103.58000183105469,97.08740997314453,8125100
2021-04-07,103.47000122070312,104.56999969482422,103.26000213623047,104.19000244140625,97.6591796875,7699300
2021-04-08,103.5199966430664,103.62000274658203,102.06999969482422,103.0199966430664,96.56250762939453,8283000
2021-04-09,103.12000274658203,103.68000030517578,102.0999984741211,102.91999816894531,96.4687728881836,7163700
2021-04-12,103.66999816894531,103.86000061035156,101.51000213623047,101.77999877929688,95.40023040771484,7845900
2021-04-13,101.55999755859375,102.5999984741211,101.29000091552734,102.23999786376953,95.83140563964844,6829900
2021-04-14,102.6500015258789,105.33000183105469,102.5999984741211,104.2699966430664,97.7341537475586,10194800
2021-04-15,104.01000213623047,104.2699966430664,102.93000030517578,103.41999816894531,96.93743133544922,7860500
2021-04-16,103.80000305175781,104.36000061035156,102.43000030517578,102.95999908447266,96.50627136230469,7459700
2021-04-19,103.2699966430664,103.83000183105469,102.20999908447266,103.26000213623047,96.78746795654297,7068700
2021-04-20,102.83000183105469,102.98999786376953,100.51000213623047,101.33000183105469,94.97843933105469,9783800
2021-04-21,100.33000183105469,102.98999786376953,100.13999938964844,102.7300033569336,96.29069519042969,8264400
2021-04-22,102.87000274658203,102.87000274658203,100.87000274658203,100.94999694824219,94.62225341796875,9899400
2021-04-23,101.0999984741211,102.16999816894531,100.72000122070312,101.55000305175781,95.18465423583984,6756000
2021-04-26,101.2699966430664,102.66999816894531,101.26000213623047,101.5199966430664,95.15652465820312,5639700
2021-04-27,101.80999755859375,103.0999984741211,101.51000213623047,102.69999694824219,96.26255798339844,6898900
2021-04-28,103.54000091552734,105.86000061035156,103.37000274658203,105.22000122070312,98.6246109008789,8718400
2021-04-29,106.41999816894531,107.6500015258789,105.75,106.9000015258789,100.19930267333984,9740300
2021-04-30,104.9800033569336,105.38999938964844,102.97000122070312,103.06999969482422,96.60936737060547,13730000
2021-05-03,103.9800033569336,105.72000122070312,103.22000122070312,105.52999877929688,98.91517639160156,7938100
2021-05-04,105.95999908447266,106.51000213623047,104.8499984741211,106.11000061035156,99.45882415771484,8704300
2021-05-05,107.08999633789062,109.54000091552734,106.81999969482422,108.95999908447266,102.13017272949219,12872400
2021-05-06,108.94999694824219,109.12999725341797,107.41999816894531,109.0199966430664,102.18641662597656,9654900
2021-05-07,108.08999633789062,110.66999816894531,107.69999694824219,110.0199966430664,103.12373352050781,10273000
2021-05-10,111.44000244140625,113.11000061035156,109.5199966430664,109.56999969482422,102.70193481445312,13586500
2021-05-11,109.05999755859375,109.58000183105469,106.20999908447266,106.69999694824219,100.01183319091797,12754800
2021-05-12,107.0,110.1500015258789,106.72000122070312,107.37000274658203,100.63983917236328,11661900
2021-05-13,106.06999969482422,107.87000274658203,105.44000244140625,106.68000030517578,99.99310302734375,9706300
2021-05-14,107.80000305175781,109.81999969482422,107.80000305175781,109.47000122070312,102.60820770263672,9124100
2021-05-17,109.08999633789062,110.87999725341797,108.97000122070312,110.80999755859375,103.86421203613281,12692900
2021-05-18,108.94000244140625,109.05999755859375,105.97000122070312,106.18000030517578,100.74269104003906,12759900
2021-05-19,103.81999969482422,104.29000091552734,101.97000122070312,103.19999694824219,97.915283203125,14762700
2021-05-20,103.06999969482422,104.06999969482422,101.97000122070312,103.55999755859375,98.25685119628906,9706300
2021-05-21,104.0999984741211,105.19999694824219,103.68000030517578,104.12000274658203,98.7881851196289,10352800
2021-05-24,104.94999694824219,105.83999633789062,104.0,105.5999984741211,100.19239044189453,6785600
2021-05-25,105.43000030517578,105.62000274658203,103.61000061035156,103.87000274658203,98.55098724365234,7884000
2021-05-26,104.5199966430664,104.91000366210938,103.66000366210938,104.12000274658203,98.7881851196289,9232400
2021-05-27,104.12000274658203,104.91000366210938,102.56999969482422,103.01000213623047,97.73503112792969,11703400
2021-05-28,103.62000274658203,104.12000274658203,102.94999694824219,103.79000091552734,98.47508239746094,7278200
2021-06-01,105.30000305175781,107.43000030517578,105.30000305175781,106.6500015258789,101.1886215209961,10260600
2021-06-02,107.20999908447266,108.55999755859375,106.20999908447266,108.08000183105469,102.54539489746094,9141800
2021-06-03,107.55999755859375,108.08999633789062,106.55999755859375,107.58999633789062,102.08049011230469,8809300
2021-06-04,108.23999786376953,108.66999816894531,107.20999908447266,108.44999694824219,102.89644622802734,6699300
2021-06-07,108.37000274658203,108.69999694824219,107.56999969482422,107.75,102.23229217529297,6748600
2021-06-08,107.6500015258789,108.9800033569336,106.30000305175781,108.7300033569336,103.162109375,10559500
2021-06-09,109.05999755859375,109.52999877929688,107.6500015258789,107.77999877929688,102.26075744628906,10146900
2021-06-10,109.05999755859375,110.25,107.25,108.41000366210938,102.85850524902344,13526200
2021-06-11,108.83999633789062,108.97000122070312,107.86000061035156,107.91000366210938,102.38410186767578,7731700
2021-06-14,108.18000030517578,108.95999908447266,106.83000183105469,107.97000122070312,102.44103240966797,9051900
2021-06-15,108.41000366210938,110.4800033569336,108.38999938964844,110.30000305175781,104.6517105102539,10540200
2021-06-16,110.02999877929688,110.51000213623047,108.9000015258789,109.66999816894531,104.0539779663086,9283300
2021-06-17,109.23999786376953,109.9800033569336,96.30999755859375,107.06999969482422,101.58711242675781,14337800
2021-06-18,105.25,106.2699966430664,102.91000366210938,103.02999877929688,97.75399017333984,22284500
2021-06-21,104.0999984741211,106.44000244140625,103.93000030517578,106.05000305175781,100.61935424804688,13591500
2021-06-22,105.33000183105469,106.95999908447266,104.30999755859375,106.4000015258789,100.95143127441406,10230100
2021-06-23,107.36000061035156,108.12999725341797,106.2300033569336,106.2699966430664,100.82807922363281,7792800
2021-06-24,107.13999938964844,107.77999877929688,106.36000061035156,107.13999938964844,101.65353393554688,8724600
2021-06-25,107.58999633789062,108.05999755859375,106.77999877929688,107.30000305175781,101.80533599853516,8102300
2021-06-28,106.94999694824219,107.0,103.66000366210938,103.98999786376953,98.66484069824219,11348400
2021-06-29,104.58999633789062,104.97000122070312,103.61000061035156,103.76000213623047,98.44660949707031,7225500
2021-06-30,103.83999633789062,104.87999725341797,103.72000122070312,104.73999786376953,99.37643432617188,7927500
2021-07-01,106.94999694824219,107.0999984741211,105.73999786376953,106.20999908447266,100.77114868164062,10873200
2021-07-02,105.69999694824219,106.4000015258789,105.04000091552734,106.06999969482422,100.6383285522461,7107700
2021-07-06,105.97000122070312,105.97000122070312,103.38999938964844,103.98999786376953,98.66484069824219,10162800
2021-07-07,103.95999908447266,104.9000015258789,102.12000274658203,102.93000030517578,97.65911865234375,8245000
2021-07-08,101.5,103.08999633789062,101.22000122070312,102.5999984741211,97.34602355957031,8695500
2021-07-09,103.45999908447266,104.2300033569336,102.36000061035156,104.06999969482422,98.74073791503906,8567900
2021-07-12,103.55999755859375,105.0199966430664,103.23999786376953,104.27999877929688,98.93997955322266,9898600
2021-07-13,104.0,104.58000183105469,103.22000122070312,103.93000030517578,98.60790252685547,6738000
2021-07-14,104.4800033569336,105.31999969482422,101.72000122070312,101.97000122070312,96.74827575683594,9216600
2021-07-15,101.05000305175781,102.25,100.8499984741211,101.30000305175781,96.11258697509766,9665700
2021-07-16,101.62999725341797,101.69000244140625,98.33000183105469,98.62000274658203,93.56983184814453,12199100
2021-07-19,95.81999969482422,96.94999694824219,94.5199966430664,95.95999908447266,91.0460433959961,17385500
2021-07-20,95.88999938964844,98.04000091552734,95.05000305175781,96.52999877929688,91.58684539794922,12114600
2021-07-21,97.9800033569336,100.47000122070312,97.69999694824219,99.81999969482422,94.70838165283203,11478100
2021-07-22,99.4000015258789,99.41000366210938,97.88999938964844,98.81999969482422,93.75958251953125,7694300
2021-07-23,98.80000305175781,99.12000274658203,97.94000244140625,98.86000061035156,93.79753875732422,7570800
2021-07-26,99.45999908447266,101.26000213623047,99.44000244140625,100.94999694824219,95.78050231933594,10227500
2021-07-27,100.05000305175781,100.72000122070312,98.94000244140625,100.61000061035156,95.45792388916016,8332100
2021-07-28,100.9000015258789,101.80999755859375,100.27999877929688,101.18000030517578,95.99873352050781,8546100
2021-07-29,102.37999725341797,102.87999725341797,101.94000244140625,102.56999969482422,97.31755828857422,8681300
2021-07-30,103.05999755859375,104.05000305175781,100.7699966430664,101.80999755859375,96.59646606445312,12295300
2021-08-02,102.08000183105469,103.9800033569336,101.55999755859375,101.62999725341797,96.4256820678711,8911800
2021-08-03,101.58999633789062,102.91000366210938,100.66999816894531,102.5999984741211,97.34602355957031,8437300
2021-08-04,100.44000244140625,101.9000015258789,100.0999984741211,100.30000305175781,95.16380310058594,10389800
2021-08-05,100.94000244140625,102.43000030517578,100.66999816894531,101.2300033569336,96.04617309570312,7986100
2021-08-06,102.0199966430664,102.58000183105469,101.5999984741211,101.94999694824219,96.72930145263672,6475600
2021-08-09,100.91000366210938,101.37999725341797,99.93000030517578,100.25,95.1163558959961,9243100
2021-08-10,100.73999786376953,102.31999969482422,100.58000183105469,102.08000183105469,96.85264587402344,9762600
2021-08-11,102.04000091552734,102.97000122070312,101.5999984741211,102.8499984741211,97.58320617675781,7079800
2021-08-12,102.86000061035156,103.25,101.77999877929688,102.63999938964844,97.38397216796875,7377600
2021-08-13,102.2300033569336,102.54000091552734,101.63999938964844,101.95999908447266,96.73878479003906,6572600
2021-08-16,100.83000183105469,101.19999694824219,99.91000366210938,100.91999816894531,95.75204467773438,9476600
2021-08-17,100.19999694824219,101.68000030517578,99.62999725341797,100.7300033569336,95.57177734375,10937500
2021-08-18,98.69000244140625,99.41999816894531,96.55000305175781,96.69999694824219,92.98511505126953,12893600
2021-08-19,94.80999755859375,95.30999755859375,92.86000061035156,94.29000091552734,90.6677017211914,17423400
2021-08-20,93.5199966430664,94.87999725341797,93.20999908447266,94.30000305175781,90.67732238769531,9707600
2021-08-23,96.08999633789062,97.0,96.05999755859375,96.7300033569336,93.01396942138672,10277800
2021-08-24,97.5,98.61000061035156,97.38999938964844,97.83999633789062,94.08131408691406,8924900
2021-08-25,97.22000122070312,98.72000122070312,96.72000122070312,98.51000213623047,94.7255859375,9342300
2021-08-26,98.11000061035156,98.7300033569336,97.19999694824219,97.22000122070312,93.48514556884766,8124800
2021-08-27,98.13999938964844,99.45999908447266,98.05000305175781,98.63999938964844,94.8505859375,10281200
2021-08-30,99.08999633789062,99.30999755859375,97.97000122070312,98.38999938964844,94.61019897460938,8127200
2021-08-31,98.13999938964844,98.41000366210938,96.63999938964844,96.7699966430664,93.05242156982422,15676900
2021-09-01,96.86000061035156,97.06999969482422,95.47000122070312,95.70999908447266,92.03314208984375,10557300
2021-09-02,96.63999938964844,98.38999938964844,96.55000305175781,97.70999908447266,93.9563217163086,12340100
2021-09-03,97.4000015258789,98.43000030517578,97.37999725341797,97.48999786376953,93.74475860595703,9097000
2021-09-07,97.0199966430664,97.9800033569336,96.73999786376953,97.05999755859375,93.33128356933594,9237800
2021-09-08,97.5,98.47000122070312,96.3499984741211,96.38999938964844,92.68701934814453,10775900
2021-09-09,95.88999938964844,97.62000274658203,95.3499984741211,96.0,92.31201171875,10219400
2021-09-10,97.5999984741211,97.69999694824219,95.88999938964844,96.06999969482422,92.37932586669922,11006000
2021-09-13,97.20999908447266,98.70999908447266,97.05999755859375,97.97000122070312,94.20632934570312,11500900
2021-09-14,98.37999725341797,98.73999786376953,95.9800033569336,96.19999694824219,92.50431823730469,15294100
2021-09-15,96.98999786376953,98.52999877929688,96.98999786376953,98.23999786376953,94.46595001220703,11623400
2021-09-16,98.31999969482422,98.58999633789062,96.91000366210938,97.31999969482422,93.581298828125,10616700
2021-09-17,97.11000061035156,98.37999725341797,96.37000274658203,96.76000213623047,93.04281616210938,16006100
2021-09-20,94.63999938964844,95.25,93.30999755859375,94.77999877929688,91.13887786865234,15796100
2021-09-21,95.56999969482422,95.88999938964844,94.02999877929688,94.8499984741211,91.20618438720703,10958400
2021-09-22,96.23999786376953,98.77999877929688,96.23999786376953,97.63999938964844,93.88900756835938,13292800
2021-09-23,98.23999786376953,100.2699966430664,97.75,100.05999755859375,96.21603393554688,10094900
2021-09-24,99.6500015258789,100.97000122070312,99.6500015258789,100.5999984741211,96.73529052734375,8225300
2021-09-27,102.58999633789062,103.77999877929688,102.58999633789062,102.97000122070312,99.01424407958984,12697500
2021-09-28,103.91000366210938,104.88999938964844,102.87999725341797,103.36000061035156,99.38926696777344,15560800
2021-09-29,103.20999908447266,104.23999786376953,102.33999633789062,103.33000183105469,99.36041259765625,10268100
2021-09-30,103.41999816894531,103.44999694824219,101.44999694824219,101.44999694824219,97.5526351928711,15319800
2021-10-01,102.22000122070312,104.54000091552734,101.87999725341797,104.33000183105469,100.3219985961914,10854900
2021-10-04,105.0,105.86000061035156,104.11000061035156,104.72000122070312,100.69701385498047,13305400
2021-10-05,106.04000091552734,107.7699966430664,105.41999816894531,105.86000061035156,101.79322814941406,13017300
2021-10-06,104.18000030517578,105.3499984741211,103.58000183105469,104.93000030517578,100.8989486694336,10630100
2021-10-07,105.61000061035156,106.30000305175781,105.22000122070312,105.68000030517578,101.62013244628906,8830900
2021-10-08,106.80999755859375,108.43000030517578,106.5999984741211,108.05000305175781,103.89909362792969,10586700
2021-10-11,109.55999755859375,109.62999725341797,106.91999816894531,107.12999725341797,103.0144271850586,9794800
2021-10-12,106.98999786376953,107.58000183105469,106.16999816894531,107.1500015258789,103.0336685180664,9085000
2021-10-13,106.7699966430664,108.33999633789062,106.4800033569336,107.79000091552734,103.6490707397461,9220700
2021-10-14,108.87999725341797,109.16000366210938,108.11000061035156,108.80999755859375,104.62989044189453,7648600
2021-10-15,109.7699966430664,110.02999877929688,109.43000030517578,109.61000061035156,105.39916229248047,9968100
2021-10-18,110.22000122070312,110.41000366210938,108.95999908447266,109.55999755859375,105.35107421875,10677400
2021-10-19,110.16000366210938,111.69999694824219,109.80000305175781,111.69999694824219,107.40886688232422,10362800
2021-10-20,111.08999633789062,113.16999816894531,110.77999877929688,113.16000366210938,108.81278228759766,10811400
2021-10-21,112.70999908447266,112.80999755859375,110.87000274658203,111.73999786376953,107.44732666015625,9372600
2021-10-22,112.22000122070312,112.87999725341797,111.44999694824219,112.80000305175781,108.46660614013672,8673800
2021-10-25,113.52999877929688,114.3499984741211,113.30000305175781,113.8499984741211,109.47626495361328,9579800
2021-10-26,113.9800033569336,114.5999984741211,113.51000213623047,114.0999984741211,109.71665954589844,7463000
2021-10-27,113.22000122070312,113.58000183105469,111.6500015258789,112.06999969482422,107.7646484375,9096100
2021-10-28,111.58000183105469,113.2699966430664,111.58000183105469,113.12000274658203,108.7743148803711,7538200
2021-10-29,114.83000183105469,115.29000091552734,113.1500015258789,114.48999786376953,110.09168243408203,15294200
2021-11-01,115.02999877929688,115.08999633789062,114.05000305175781,114.52999877929688,110.13013458251953,11213800
2021-11-02,114.18000030517578,114.19000244140625,113.20999908447266,113.83000183105469,109.45703887939453,9189700
2021-11-03,112.2699966430664,113.2699966430664,111.97000122070312,113.01000213623047,108.66854858398438,10416000
2021-11-04,114.22000122070312,114.26000213623047,112.91000366210938,113.51000213623047,109.14933776855469,9673000
2021-11-05,114.2699966430664,115.05000305175781,113.93000030517578,114.73999786376953,110.33206939697266,8102100
2021-11-08,115.08999633789062,115.98999786376953,114.69000244140625,115.1500015258789,110.72633361816406,7695900
2021-11-09,115.2699966430664,116.12000274658203,114.45999908447266,116.0,111.54367065429688,10945900
2021-11-10,115.76000213623047,116.20999908447266,113.66000366210938,114.1500015258789,109.7647476196289,10305100
2021-11-11,113.5999984741211,114.66999816894531,113.56999969482422,114.16000366210938,109.77437591552734,7317500
2021-11-12,113.80000305175781,114.30999755859375,113.58999633789062,114.2300033569336,109.84168243408203,8682800
2021-11-15,114.94999694824219,116.94999694824219,114.2699966430664,116.81999969482422,112.33216857910156,11050400
2021-11-16,117.11000061035156,118.08000183105469,116.86000061035156,117.27999877929688,112.77449798583984,10566300
2021-11-17,114.87000274658203,116.52999877929688,114.66000366210938,115.41999816894531,112.2686996459961,11108000
2021-11-18,114.8499984741211,115.37999725341797,113.41000366210938,114.44999694824219,111.32518768310547,8368600
2021-11-19,112.51000213623047,113.1500015258789,111.0999984741211,111.91000366210938,108.85454559326172,13532600
2021-11-22,112.0199966430664,115.19000244140625,111.8499984741211,113.91000366210938,110.7999267578125,9947100
2021-11-23,115.19000244140625,116.83999633789062,115.05999755859375,116.30000305175781,113.12467956542969,10366800
2021-11-24,116.80999755859375,118.0,116.68000030517578,117.19000244140625,113.9903793334961,8500900
2021-11-26,113.3499984741211,114.83000183105469,112.62999725341797,114.51000213623047,111.383544921875,11861800
2021-11-29,116.33999633789062,117.16999816894531,114.70999908447266,114.8499984741211,111.71426391601562,12003800
2021-11-30,113.44999694824219,115.86000061035156,112.44000244140625,112.87000274658203,109.788330078125,24451200
2021-12-01,114.94999694824219,116.05999755859375,112.08999633789062,112.0999984741211,109.03934478759766,12302700
2021-12-02,113.25,115.69999694824219,111.93000030517578,115.13999938964844,111.99635314941406,11392400
2021-12-03,116.73999786376953,117.0,113.58999633789062,114.41000366210938,111.2862777709961,10445100
2021-12-06,115.95999908447266,117.44999694824219,115.05000305175781,116.19999694824219,113.02740478515625,9833900
2021-12-07,117.23999786376953,118.66000366210938,117.23999786376953,117.91999816894531,114.700439453125,11419600
2021-12-08,118.38999938964844,119.26000213623047,117.66000366210938,118.44999694824219,115.21597290039062,8827900
2021-12-09,117.8499984741211,118.5999984741211,117.58000183105469,118.13999938964844,114.91443634033203,8334700
2021-12-10,118.93000030517578,119.19999694824219,116.87000274658203,118.33999633789062,115.10897827148438,9090700
2021-12-13,117.45999908447266,117.8499984741211,115.61000061035156,115.87999725341797,112.71613311767578,8533000
2021-12-14,115.73999786376953,116.91999816894531,115.47000122070312,116.22000122070312,113.04685974121094,12245300
2021-12-15,116.31999969482422,116.31999969482422,113.94999694824219,115.55999755859375,112.40487670898438,11069500
2021-12-16,116.19000244140625,118.19000244140625,115.91999816894531,116.63999938964844,113.45539093017578,11344700
2021-12-17,115.91999816894531,116.45999908447266,113.52999877929688,113.5999984741211,110.4983901977539,22727900
2021-12-20,111.86000061035156,113.70999908447266,110.7300033569336,113.6500015258789,110.54702758789062,13464400
2021-12-21,114.43000030517578,116.06999969482422,114.29000091552734,115.47000122070312,112.31733703613281,11368200
2021-12-22,115.41999816894531,116.68000030517578,114.41000366210938,116.12999725341797,112.95932006835938,8345200
2021-12-23,116.51000213623047,117.91999816894531,116.4000015258789,116.41000366210938,113.23167419433594,7416600
2021-12-27,116.06999969482422,118.81999969482422,115.41000366210938,118.79000091552734,115.54669189453125,7745500
2021-12-28,118.66000366210938,119.33999633789062,118.04000091552734,118.55999755859375,115.32296752929688,6516000
2021-12-29,118.08000183105469,118.6500015258789,117.29000091552734,117.94999694824219,114.72962188720703,6957400
2021-12-30,118.12999725341797,118.69000244140625,117.33999633789062,117.43000030517578,114.22382354736328,6016000
2021-12-31,117.37999725341797,118.08999633789062,117.12999725341797,117.3499984741211,114.14601135253906,5706600
2022-01-03,117.41999816894531,119.69000244140625,117.29000091552734,119.26000213623047,116.00386047363281,10717700
2022-01-04,119.94999694824219,121.9800033569336,119.66000366210938,121.43000030517578,118.11460876464844,16413100
2022-01-05,122.23999786376953,123.83999633789062,122.06999969482422,122.22000122070312,118.88304901123047,15487100
2022-01-06,123.62000274658203,124.31999969482422,121.63999938964844,123.26000213623047,119.89464569091797,13318500
2022-01-07,123.55000305175781,125.54000091552734,122.94999694824219,125.02999877929688,121.61631774902344,14164600
2022-01-10,125.1500015258789,125.69000244140625,123.86000061035156,125.11000061035156,121.69414520263672,12626100
2022-01-11,125.86000061035156,128.0,124.83000183105469,127.97000122070312,124.4760513305664,14609000
2022-01-12,127.98999786376953,128.42999267578125,126.47000122070312,127.33000183105469,123.85353088378906,12469200
2022-01-13,127.13999938964844,128.10000610351562,126.44999694824219,126.80000305175781,123.3379898071289,9691300
2022-01-14,126.76000213623047,129.1999969482422,126.76000213623047,128.9600067138672,125.43902587890625,13281000
2022-01-18,129.69000244140625,130.0,127.87000274658203,129.3800048828125,125.8475570678711,12905500
2022-01-19,129.9499969482422,130.14999389648438,128.5399932861328,128.91000366210938,125.39038848876953,12064300
2022-01-20,128.27000427246094,130.86000061035156,127.87999725341797,128.4499969482422,124.94294738769531,11370400
2022-01-21,127.76000213623047,128.39999389648438,126.2300033569336,126.91000366210938,123.44499969482422,13055700
2022-01-24,124.44999694824219,127.7300033569336,122.83999633789062,127.18000030517578,123.70762634277344,19513700
2022-01-25,127.12000274658203,132.74000549316406,125.2699966430664,132.58999633789062,128.96990966796875,19984500
2022-01-26,132.89999389648438,134.7100067138672,131.58999633789062,132.69000244140625,129.0671844482422,17266500
2022-01-27,134.4499969482422,137.0,133.58999633789062,135.3699951171875,131.6739959716797,20654100
2022-01-28,130.0,132.05999755859375,128.07000732421875,130.61000061035156,127.04396057128906,24817800
2022-01-31,130.19000244140625,131.86000061035156,129.3300018310547,131.3300018310547,127.74431610107422,16401800
2022-02-01,130.8300018310547,135.74000549316406,130.50999450683594,134.7899932861328,131.10984802246094,16169700
2022-02-02,134.35000610351562,135.8000030517578,132.8000030517578,135.41000366210938,131.7129364013672,10906700
2022-02-03,134.85000610351562,135.35000610351562,133.19000244140625,134.1999969482422,130.5359649658203,9447700
2022-02-04,135.00999450683594,137.0,135.00999450683594,135.8800048828125,132.1700897216797,13034700
2022-02-07,135.33999633789062,139.42999267578125,134.8300018310547,138.5500030517578,134.76718139648438,18422500
2022-02-08,138.17999267578125,138.42999267578125,135.00999450683594,136.44000244140625,132.7147979736328,11021600
2022-02-09,136.72000122070312,138.33999633789062,136.10000610351562,137.7899932861328,134.02793884277344,10140800
2022-02-10,137.55999755859375,138.7899932861328,135.38999938964844,136.0399932861328,132.32571411132812,11012700
2022-02-11,136.86000061035156,139.44000244140625,136.27999877929688,138.80999755859375,135.02008056640625,12821200
2022-02-14,137.94000244140625,138.0500030517578,135.0500030517578,136.6699981689453,132.93850708007812,15945000
2022-02-15,133.0800018310547,134.83999633789062,132.17999267578125,134.25999450683594,131.96543884277344,11746800
2022-02-16,134.9499969482422,136.16000366210938,133.75999450683594,134.3000030517578,132.00474548339844,11348800
2022-02-17,134.1699981689453,134.5800018310547,132.4499969482422,133.61000061035156,131.3265380859375,10073900
2022-02-18,132.82000732421875,133.91000366210938,132.0500030517578,133.4199981689453,131.13980102539062,10691800
2022-02-22,137.0,137.0,130.52000427246094,132.39999389648438,130.13722229003906,19428700
2022-02-23,132.92999267578125,136.0800018310547,132.55999755859375,135.5500030517578,133.2333984375,16134200
2022-02-24,137.92999267578125,138.22999572753906,131.72000122070312,134.85000610351562,132.5453643798828,22108900
2022-02-25,135.9600067138672,140.5,135.42999267578125,140.3800048828125,137.98085021972656,28028000
2022-02-28,139.27000427246094,144.0,138.64999389648438,144.0,141.53897094726562,24394300
2022-03-01,145.00999450683594,149.9600067138672,144.6999969482422,149.72000122070312,147.1612091064453,31159900
2022-03-02,150.1999969482422,155.75,150.0500030517578,154.13999938964844,151.50567626953125,31329500
2022-03-03,152.25999450683594,157.1199951171875,151.75,156.22000122070312,153.55014038085938,22492900
2022-03-04,155.7899932861328,159.9499969482422,155.08999633789062,158.64999389648438,155.93858337402344,29034400
2022-03-07,159.89999389648438,162.10000610351562,155.72000122070312,162.0399932861328,159.27064514160156,34824700
2022-03-08,164.30999755859375,174.0,164.10000610351562,170.52999877929688,167.6155548095703,57231000
2022-03-09,162.77000427246094,169.77000427246094,161.2100067138672,166.27000427246094,163.42835998535156,43430000
2022-03-10,168.74000549316406,174.75999450683594,168.2899932861328,170.82000732421875,167.90060424804688,34913600
2022-03-11,165.88999938964844,172.97999572753906,165.8800048828125,170.89999389648438,167.979248046875,28423600
2022-03-14,166.2100067138672,168.35000610351562,164.3000030517578,166.72000122070312,163.8706817626953,25156200
2022-03-15,159.11000061035156,160.19000244140625,155.25999450683594,158.27999877929688,155.57492065429688,28534400
2022-03-16,158.7899932861328,160.5,156.2100067138672,157.7100067138672,155.01467895507812,22299700
2022-03-17,159.9499969482422,160.99000549316406,157.9199981689453,160.44000244140625,157.69801330566406,15750700
2022-03-18,160.88999938964844,161.72999572753906,158.77999877929688,161.72999572753906,158.96595764160156,23214700
2022-03-21,163.02000427246094,165.5800018310547,162.72000122070312,164.63999938964844,161.8262176513672,13180600
2022-03-22,163.69000244140625,165.25999450683594,162.5800018310547,164.08999633789062,161.28561401367188,11063900
2022-03-23,166.0,167.35000610351562,164.94000244140625,165.86000061035156,163.02537536621094,10755000
2022-03-24,166.42999267578125,167.39999389648438,165.0,166.3000030517578,163.45785522460938,9024800
2022-03-25,165.22000122070312,169.69000244140625,165.16000366210938,169.30999755859375,166.41641235351562,10254700
2022-03-28,165.89999389648438,166.6300048828125,165.1300048828125,166.35000610351562,163.50701904296875,9992000
2022-03-29,163.50999450683594,164.47999572753906,160.5,164.32000732421875,161.51170349121094,15102600
2022-03-30,165.24000549316406,166.35000610351562,163.66000366210938,165.47999572753906,162.65187072753906,9906000
2022-03-31,163.47000122070312,166.16000366210938,162.72000122070312,162.8300018310547,160.0471649169922,10395900
2022-04-01,162.77999877929688,165.9499969482422,162.3300018310547,164.22000122070312,161.4134063720703,8795300
2022-04-04,165.0,165.4499969482422,163.0,164.3699951171875,161.5608367919922,8718600
2022-04-05,165.02999877929688,167.72000122070312,163.10000610351562,163.36000061035156,160.568115234375,9538200
2022-04-06,164.8300018310547,167.00999450683594,164.3300018310547,164.80999755859375,161.99331665039062,9269000
2022-04-07,165.10000610351562,167.6999969482422,163.4199981689453,167.10000610351562,164.24420166015625,8018400
2022-04-08,167.0500030517578,171.10000610351562,167.02000427246094,169.92999267578125,167.0258026123047,10801200
2022-04-11,168.57000732421875,168.77999877929688,164.91000366210938,165.55999755859375,162.73049926757812,10206100
2022-04-12,168.97000122070312,172.67999267578125,168.14999389648438,169.00999450683594,166.1215362548828,9528400
2022-04-13,170.92999267578125,172.0800018310547,168.2899932861328,171.6699981689453,168.736083984375,7330700
2022-04-14,170.69000244140625,172.94000244140625,170.55999755859375,171.58999633789062,168.65745544433594,9421100
2022-04-18,173.0,174.5399932861328,171.8699951171875,173.88999938964844,170.9181365966797,7639000
2022-04-19,173.0800018310547,173.69000244140625,171.02999877929688,171.8300018310547,168.89334106445312,6970200
2022-04-20,171.6199951171875,173.5800018310547,171.4600067138672,172.52999877929688,169.5813751220703,7495000
2022-04-21,171.74000549316406,172.44000244140625,163.8300018310547,164.5800018310547,161.7672576904297,14594800
2022-04-22,164.3800048828125,165.47000122070312,160.86000061035156,160.9499969482422,158.19927978515625,12160100
2022-04-25,155.72999572753906,158.36000061035156,151.36000061035156,157.49000549316406,154.7984161376953,15449800
2022-04-26,158.82000732421875,160.3699951171875,156.38999938964844,156.52999877929688,153.85482788085938,9810600
2022-04-27,157.0800018310547,157.9199981689453,154.52000427246094,156.24000549316406,153.56979370117188,10396600
2022-04-28,157.4499969482422,163.0,154.92999267578125,161.7899932861328,159.02493286132812,9366400
2022-04-29,161.27999877929688,162.44000244140625,156.2899932861328,156.6699981689453,153.992431640625,14713200
2022-05-02,156.30999755859375,160.0,155.14999389648438,159.75,157.01980590820312,11559000
2022-05-03,159.57000732421875,163.42999267578125,159.25999450683594,162.49000549316406,159.71298217773438,8827200
2022-05-04,164.97000122070312,167.88999938964844,163.47000122070312,167.58999633789062,164.72581481933594,9183200
2022-05-05,169.25999450683594,169.5,162.64999389648438,166.25999450683594,163.4185333251953,9807600
2022-05-06,168.27000427246094,170.97000122070312,165.4199981689453,170.69000244140625,167.7728271484375,10418100
2022-05-09,167.75,167.75,158.47999572753906,159.25,156.52833557128906,14110700
2022-05-10,162.2100067138672,164.19000244140625,157.8699951171875,160.77999877929688,158.03219604492188,11636000
2022-05-11,163.5800018310547,167.4600067138672,162.50999450683594,163.16000366210938,160.37152099609375,9105500
2022-05-12,163.22000122070312,164.85000610351562,158.86000061035156,164.7100067138672,161.89505004882812,8936400
2022-05-13,166.5,168.7899932861328,164.8800048828125,167.8699951171875,165.0010223388672,9229900
2022-05-16,169.0,174.97000122070312,168.86000061035156,173.00999450683594,170.0531768798828,13296300
2022-05-17,174.83999633789062,175.64999389648438,172.61000061035156,174.02999877929688,171.05575561523438,12827600
2022-05-18,174.1199951171875,174.1300048828125,165.7899932861328,168.05999755859375,166.54672241210938,13107500
2022-05-19,164.6300048828125,169.63999938964844,162.8300018310547,166.86000061035156,165.35752868652344,10958700
2022-05-20,168.8800048828125,171.0399932861328,164.08999633789062,167.82000732421875,166.3088836669922,9615000
2022-05-23,169.42999267578125,172.9600067138672,169.11000061035156,171.72000122070312,170.17376708984375,10216400
2022-05-24,170.69000244140625,173.5800018310547,169.80999755859375,172.63999938964844,171.08547973632812,9782700
2022-05-25,173.13999938964844,175.99000549316406,172.97000122070312,175.41000366210938,173.83053588867188,10174500
2022-05-26,176.49000549316406,177.92999267578125,175.00999450683594,176.58999633789062,174.99990844726562,11213900
2022-05-27,176.52000427246094,178.35000610351562,175.69000244140625,178.27999877929688,176.67469787597656,10512300
2022-05-31,179.9600067138672,180.9600067138672,173.47000122070312,174.66000366210938,173.08729553222656,20547600
2022-06-01,176.72999572753906,178.1300048828125,174.94000244140625,176.32000732421875,174.7323455810547,8824100
2022-06-02,174.74000549316406,176.50999450683594,174.10000610351562,176.0,174.41522216796875,7441900
2022-06-03,176.0,178.25,176.0,177.60000610351562,176.00082397460938,8435300
2022-06-06,177.89999389648438,178.0,175.50999450683594,176.8300018310547,175.2377471923828,6734200
2022-06-07,177.47000122070312,180.66000366210938,176.9199981689453,180.1999969482422,178.57740783691406,9668300
2022-06-08,180.9499969482422,182.39999389648438,180.25,181.1300048828125,179.49903869628906,8715200
2022-06-09,180.02999877929688,180.63999938964844,177.38999938964844,177.52000427246094,175.92153930664062,9764600
2022-06-10,176.3699951171875,178.57000732421875,173.64999389648438,175.39999389648438,173.82061767578125,9529700
2022-06-13,171.61000061035156,172.0,164.05999755859375,167.3300018310547,165.8232879638672,14614900
2022-06-14,169.3699951171875,172.2899932861328,165.83999633789062,167.5500030517578,166.04132080078125,10269300
2022-06-15,166.77999877929688,167.85000610351562,161.94000244140625,164.25999450683594,162.7809295654297,11565300
2022-06-16,159.94000244140625,160.5399932861328,153.75,155.47999572753906,154.07998657226562,18125900
2022-06-17,154.8800048828125,155.47000122070312,145.7899932861328,148.3800048828125,147.04393005371094,35575100
2022-06-21,152.0500030517578,156.02000427246094,151.44000244140625,154.58999633789062,153.197998046875,13772000
2022-06-22,148.07000732421875,150.8000030517578,146.3300018310547,147.8699951171875,146.53851318359375,13735800
2022-06-23,148.7899932861328,149.22999572753906,140.14999389648438,142.42999267578125,141.14749145507812,15713700
2022-06-24,145.1999969482422,147.08999633789062,142.60000610351562,144.77000427246094,143.4664306640625,11108300
2022-06-27,145.86000061035156,148.82000732421875,145.60000610351562,147.57000732421875,146.24122619628906,9242400
2022-06-28,150.8800048828125,152.19000244140625,148.11000061035156,149.94000244140625,148.58987426757812,9183300
2022-06-29,151.6300048828125,152.11000061035156,146.08999633789062,146.97999572753906,145.65652465820312,9082900
2022-06-30,144.5500030517578,147.9199981689453,143.41000366210938,144.77999877929688,143.47633361816406,10685000
2022-07-01,146.60000610351562,146.9600067138672,142.47000122070312,146.50999450683594,145.19076538085938,7684600
2022-07-05,143.64999389648438,144.5399932861328,139.41000366210938,142.66000366210938,141.37542724609375,11513100
2022-07-06,141.66000366210938,143.25999450683594,136.8000030517578,140.77999877929688,139.51235961914062,12421200
2022-07-07,144.10000610351562,145.3000030517578,143.0800018310547,143.52000427246094,142.22769165039062,12741800
2022-07-08,144.8800048828125,145.4499969482422,141.08999633789062,142.77000427246094,141.4844512939453,7915500
2022-07-11,141.91000366210938,142.85000610351562,139.92999267578125,141.50999450683594,140.23577880859375,7056800
2022-07-12,138.5,139.6199951171875,137.25999450683594,138.9199981689453,137.66909790039062,8653900
2022-07-13,137.61000061035156,140.72999572753906,137.13999938964844,137.99000549316406,136.7474822998047,9414600
2022-07-14,134.30999755859375,136.16000366210938,132.5399932861328,135.94000244140625,134.7159423828125,10150200
2022-07-15,138.9600067138672,138.9600067138672,136.42999267578125,137.64999389648438,136.41053771972656,7051900
2022-07-18,140.55999755859375,142.13999938964844,139.0800018310547,139.5800018310547,138.3231658935547,7943900
2022-07-19,139.69000244140625,145.00999450683594,139.4199981689453,144.61000061035156,143.30787658691406,9152100
2022-07-20,144.5,147.25999450683594,143.32000732421875,146.52000427246094,145.20068359375,7856600
2022-07-21,143.1199951171875,145.47000122070312,141.5,145.39999389648438,144.09075927734375,6724200
2022-07-22,145.55999755859375,146.3000030517578,143.4199981689453,144.19000244140625,142.89166259765625,5889500
2022-07-25,145.6999969482422,148.61000061035156,144.17999267578125,148.47999572753906,147.1430206298828,6210900
2022-07-26,149.5,150.67999267578125,146.52999877929688,147.32000732421875,145.9934844970703,6112800
2022-07-27,148.33999633789062,150.1999969482422,146.66000366210938,149.25999450683594,147.91600036621094,6223000
2022-07-28,150.69000244140625,151.47000122070312,148.02999877929688,150.38999938964844,149.03582763671875,6574300
2022-07-29,156.5399932861328,164.66000366210938,155.89999389648438,163.77999877929688,162.3052520751953,17143700
2022-08-01,161.17999267578125,161.86000061035156,159.14999389648438,160.50999450683594,159.064697265625,8017800
2022-08-02,160.88999938964844,161.47000122070312,158.3000030517578,159.13999938964844,157.70703125,5928300
2022-08-03,159.30999755859375,159.9600067138672,154.35000610351562,155.36000061035156,153.96107482910156,8751400
2022-08-04,155.32000732421875,155.44000244140625,150.72999572753906,151.13999938964844,149.77906799316406,10640000
2022-08-05,149.63999938964844,155.00999450683594,149.02000427246094,153.63999938964844,152.25656127929688,7170200
2022-08-08,153.58999633789062,154.97999572753906,153.14999389648438,153.41000366210938,152.0286407470703,5966900
2022-08-09,155.94000244140625,157.8000030517578,154.60000610351562,155.41000366210938,154.0106201171875,5842200
2022-08-10,156.0,156.47000122070312,152.92999267578125,155.82000732421875,154.4169464111328,6145800
2022-08-11,158.11000061035156,161.16000366210938,157.6199951171875,159.6199951171875,158.18270874023438,7888600
2022-08-12,158.25,159.91000366210938,157.13999938964844,159.85000610351562,158.41064453125,7244700
2022-08-15,155.17999267578125,157.7899932861328,153.44000244140625,156.80999755859375,155.39801025390625,8975200
2022-08-16,157.41000366210938,157.9199981689453,155.82000732421875,156.41000366210938,155.00161743164062,7218400
2022-08-17,156.6300048828125,159.33999633789062,155.50999450683594,157.6999969482422,156.27999877929688,6741100
2022-08-18,157.14999389648438,159.66000366210938,157.08999633789062,159.02000427246094,159.02000427246094,6477500
2022-08-19,158.4600067138672,159.74000549316406,157.6199951171875,157.69000244140625,157.69000244140625,6834200
2022-08-22,156.69000244140625,157.74000549316406,154.4199981689453,156.89999389648438,156.89999389648438,9147000
2022-08-23,159.10000610351562,162.33999633789062,158.7100067138672,161.99000549316406,161.99000549316406,10354800
2022-08-24,161.66000366210938,163.35000610351562,160.6699981689453,163.19000244140625,163.19000244140625,9468100
2022-08-25,163.9199981689453,164.89999389648438,162.61000061035156,164.6199951171875,164.6199951171875,8050700
2022-08-26,164.17999267578125,166.1300048828125,162.4600067138672,163.41000366210938,163.41000366210938,7765800
2022-08-29,163.88999938964844,166.8300018310547,163.63999938964844,164.6300048828125,164.6300048828125,8462600
2022-08-30,162.32000732421875,162.55999755859375,158.75999450683594,160.6199951171875,160.6199951171875,8814300
2022-08-31,157.61000061035156,161.41000366210938,156.14999389648438,158.05999755859375,158.05999755859375,13582700
2022-09-01,156.47999572753906,156.8800048828125,153.22999572753906,155.5399932861328,155.5399932861328,8244400
2022-09-02,158.24000549316406,159.1300048828125,156.72000122070312,157.85000610351562,157.85000610351562,7525300
2022-09-06,159.88999938964844,159.99000549316406,155.7100067138672,157.1199951171875,157.1199951171875,8550000
2022-09-07,154.05999755859375,155.82000732421875,152.6199951171875,155.11000061035156,155.11000061035156,9442100
2022-09-08,155.58999633789062,156.3800048828125,153.3800048828125,155.9499969482422,155.9499969482422,9232500
2022-09-09,158.41000366210938,160.64999389648438,157.52999877929688,159.97000122070312,159.97000122070312,8261100
2022-09-12,162.80999755859375,164.52999877929688,161.25,162.5,162.5,8920800
2022-09-13,161.41000366210938,162.66000366210938,158.74000549316406,159.41000366210938,159.41000366210938,10308300
2022-09-14,160.94000244140625,163.57000732421875,160.35000610351562,163.27000427246094,163.27000427246094,11160800
2022-09-15,160.67999267578125,161.6999969482422,159.5800018310547,160.6199951171875,160.6199951171875,9665000
2022-09-16,160.52000427246094,161.13999938964844,155.61000061035156,156.4499969482422,156.4499969482422,43736500
2022-09-19,152.92999267578125,156.9499969482422,152.8000030517578,156.89999389648438,156.89999389648438,6813800
2022-09-20,156.0399932861328,156.85000610351562,154.33999633789062,156.27999877929688,156.27999877929688,8955200
2022-09-21,158.30999755859375,158.77999877929688,154.9499969482422,155.00999450683594,155.00999450683594,6877000
2022-09-22,157.60000610351562,158.27999877929688,154.74000549316406,154.88999938964844,154.88999938964844,6981100
2022-09-23,149.75,150.17999267578125,143.66000366210938,144.77000427246094,144.77000427246094,13916600
2022-09-26,143.57000732421875,145.0500030517578,140.88999938964844,140.9600067138672,140.9600067138672,9444000
2022-09-27,142.2899932861328,143.77000427246094,140.4600067138672,141.02000427246094,141.02000427246094,10121000
2022-09-28,142.0800018310547,146.44000244140625,141.39999389648438,145.77999877929688,145.77999877929688,8279800
2022-09-29,144.50999450683594,145.41000366210938,142.27000427246094,144.77000427246094,144.77000427246094,8197600
2022-09-30,144.02999877929688,145.13999938964844,142.49000549316406,143.6699981689453,143.6699981689453,9397400
2022-10-03,148.97000122070312,152.33999633789062,148.3000030517578,151.72999572753906,151.72999572753906,9597400
2022-10-04,154.42999267578125,157.8800048828125,153.6300048828125,157.6300048828125,157.6300048828125,9520200
2022-10-05,155.83999633789062,159.72999572753906,154.8000030517578,158.52999877929688,158.52999877929688,10633100
2022-10-06,157.33999633789062,161.94000244140625,157.1999969482422,161.4199981689453,161.4199981689453,9498300
2022-10-07,162.50999450683594,163.92999267578125,159.05999755859375,160.02999877929688,160.02999877929688,9970400
